2.00000000E+07
1.99530000E+07
1.90550000E+07
1.81970000E+07
1.73780000E+07
1.65960000E+07
1.58490000E+07
1.51360000E+07
1.44540000E+07
1.38040000E+07
1.31830000E+07
1.25890000E+07
1.20230000E+07
1.14820000E+07
1.09650000E+07
1.04710000E+07
1.00000000E+07
9.54990000E+06
9.12010000E+06
8.70960000E+06
8.31760000E+06
7.94330000E+06
7.58580000E+06
7.24440000E+06
6.91830000E+06
6.60690000E+06
6.30960000E+06
6.02560000E+06
5.75440000E+06
5.49540000E+06
5.24810000E+06
5.01190000E+06
4.78630000E+06
4.57090000E+06
4.36520000E+06
4.16870000E+06
3.98110000E+06
3.80190000E+06
3.63080000E+06
3.46740000E+06
3.31130000E+06
3.16230000E+06
3.02000000E+06
2.88400000E+06
2.75420000E+06
2.63030000E+06
2.51190000E+06
2.39880000E+06
2.29090000E+06
2.18780000E+06
2.08930000E+06
1.99530000E+06
1.90550000E+06
1.81970000E+06
1.73780000E+06
1.65960000E+06
1.58490000E+06
1.51360000E+06
1.44540000E+06
1.38040000E+06
1.31830000E+06
1.25890000E+06
1.20230000E+06
1.14820000E+06
1.09650000E+06
1.04710000E+06
1.00000000E+06
9.54990000E+05
9.12010000E+05
8.70960000E+05
8.31760000E+05
7.94330000E+05
7.58580000E+05
7.24440000E+05
6.91830000E+05
6.60690000E+05
6.30960000E+05
6.02560000E+05
5.75440000E+05
5.49540000E+05
5.24810000E+05
5.01190000E+05
4.78630000E+05
4.57090000E+05
4.36520000E+05
4.16870000E+05
3.98110000E+05
3.80190000E+05
3.63080000E+05
3.46740000E+05
3.31130000E+05
3.16230000E+05
3.02000000E+05
2.88400000E+05
2.75420000E+05
2.63030000E+05
2.51190000E+05
2.39880000E+05
2.29090000E+05
2.18780000E+05
2.08930000E+05
1.99530000E+05
1.90550000E+05
1.81970000E+05
1.73780000E+05
1.65960000E+05
1.58490000E+05
1.51360000E+05
1.44540000E+05
1.38040000E+05
1.31830000E+05
1.25890000E+05
1.20230000E+05
1.14820000E+05
1.09650000E+05
1.04710000E+05
1.00000000E+05
9.54990000E+04
9.12010000E+04
8.70960000E+04
8.31760000E+04
7.94330000E+04
7.58580000E+04
7.24440000E+04
6.91830000E+04
6.60690000E+04
6.30960000E+04
6.02560000E+04
5.75440000E+04
5.49540000E+04
5.24810000E+04
5.01190000E+04
4.78630000E+04
4.57090000E+04
4.36520000E+04
4.16870000E+04
3.98110000E+04
3.80190000E+04
3.63080000E+04
3.46740000E+04
3.31130000E+04
3.16230000E+04
3.02000000E+04
2.88400000E+04
2.75420000E+04
2.63030000E+04
2.51190000E+04
2.39880000E+04
2.29090000E+04
2.18780000E+04
2.08930000E+04
1.99530000E+04
1.90550000E+04
1.81970000E+04
1.73780000E+04
1.65960000E+04
1.58490000E+04
1.51360000E+04
1.44540000E+04
1.38040000E+04
1.31830000E+04
1.25890000E+04
1.20230000E+04
1.14820000E+04
1.09650000E+04
1.04710000E+04
1.00000000E+04
9.54990000E+03
9.12010000E+03
8.70960000E+03
8.31760000E+03
7.94330000E+03
7.58580000E+03
7.24440000E+03
6.91830000E+03
6.60690000E+03
6.30960000E+03
6.02560000E+03
5.75440000E+03
5.49540000E+03
5.24810000E+03
5.01190000E+03
4.78630000E+03
4.57090000E+03
4.36520000E+03
4.16870000E+03
3.98110000E+03
3.80190000E+03
3.63080000E+03
3.46740000E+03
3.31130000E+03
3.16230000E+03
3.01990000E+03
2.88400000E+03
2.75420000E+03
2.63030000E+03
2.51190000E+03
2.39880000E+03
2.29090000E+03
2.18780000E+03
2.08930000E+03
1.99530000E+03
1.90550000E+03
1.81970000E+03
1.73780000E+03
1.65960000E+03
1.58490000E+03
1.51360000E+03
1.44540000E+03
1.38040000E+03
1.31830000E+03
1.25890000E+03
1.20230000E+03
1.14810000E+03
1.09650000E+03
1.04710000E+03
1.00000000E+03
9.54990000E+02
9.12010000E+02
8.70960000E+02
8.31760000E+02
7.94330000E+02
7.58580000E+02
7.24440000E+02
6.91830000E+02
6.60690000E+02
6.30960000E+02
6.02560000E+02
5.75440000E+02
5.49540000E+02
5.24810000E+02
5.01190000E+02
4.78630000E+02
4.57090000E+02
4.36520000E+02
4.16870000E+02
3.98110000E+02
3.80190000E+02
3.63080000E+02
3.46740000E+02
3.31130000E+02
3.16230000E+02
3.01990000E+02
2.88400000E+02
2.75420000E+02
2.63030000E+02
2.51190000E+02
2.39880000E+02
2.29090000E+02
2.18780000E+02
2.08930000E+02
1.99530000E+02
1.90550000E+02
1.81970000E+02
1.73780000E+02
1.65960000E+02
1.58490000E+02
1.51360000E+02
1.44540000E+02
1.38040000E+02
1.31830000E+02
1.25890000E+02
1.20230000E+02
1.14820000E+02
1.09650000E+02
1.04710000E+02
1.00000000E+02
9.54990000E+01
9.12010000E+01
8.70960000E+01
8.31760000E+01
7.94330000E+01
7.58580000E+01
7.24440000E+01
6.91830000E+01
6.60690000E+01
6.30960000E+01
6.02560000E+01
5.75440000E+01
5.49540000E+01
5.24810000E+01
5.01190000E+01
4.78630000E+01
4.57090000E+01
4.36520000E+01
4.16870000E+01
3.98110000E+01
3.80190000E+01
3.63080000E+01
3.46740000E+01
3.31130000E+01
3.16230000E+01
3.02000000E+01
2.88400000E+01
2.75420000E+01
2.63030000E+01
2.51190000E+01
2.39880000E+01
2.29090000E+01
2.18780000E+01
2.08930000E+01
1.99530000E+01
1.90550000E+01
1.81970000E+01
1.73780000E+01
1.65960000E+01
1.58490000E+01
1.51360000E+01
1.44540000E+01
1.38040000E+01
1.31830000E+01
1.25890000E+01
1.20230000E+01
1.14820000E+01
1.09650000E+01
1.04710000E+01
1.00000000E+01
9.54990000E+00
9.12010000E+00
8.70960000E+00
8.31760000E+00
7.94330000E+00
7.58580000E+00
7.24440000E+00
6.91830000E+00
6.60690000E+00
6.30960000E+00
6.02560000E+00
5.75440000E+00
5.49540000E+00
5.24810000E+00
5.01190000E+00
4.78630000E+00
4.57090000E+00
4.36520000E+00
4.16870000E+00
3.98110000E+00
3.80190000E+00
3.63080000E+00
3.46740000E+00
3.31130000E+00
3.16230000E+00
3.02000000E+00
2.88400000E+00
2.75420000E+00
2.63030000E+00
2.51190000E+00
2.39880000E+00
2.29090000E+00
2.18780000E+00
2.08930000E+00
1.99530000E+00
1.90550000E+00
1.81970000E+00
1.73780000E+00
1.65960000E+00
1.58490000E+00
1.51360000E+00
1.44540000E+00
1.38040000E+00
1.31830000E+00
1.25890000E+00
1.20230000E+00
1.14810000E+00
1.09650000E+00
1.04710000E+00
1.00000000E+00
9.54990000E-01
9.12010000E-01
8.70960000E-01
8.31760000E-01
7.94330000E-01
7.58580000E-01
7.24440000E-01
6.91830000E-01
6.60690000E-01
6.30960000E-01
6.02560000E-01
5.75440000E-01
5.49540000E-01
5.24810000E-01
5.01190000E-01
4.78630000E-01
4.57090000E-01
4.36520000E-01
4.16870000E-01
3.98110000E-01
3.80190000E-01
3.63080000E-01
3.46740000E-01
3.31130000E-01
3.16230000E-01
3.01990000E-01
2.88400000E-01
2.75420000E-01
2.63030000E-01
2.51190000E-01
2.39880000E-01
2.29090000E-01
2.18780000E-01
2.08930000E-01
1.99530000E-01
1.90550000E-01
1.81970000E-01
1.73780000E-01
1.65960000E-01
1.58490000E-01
1.51360000E-01
1.44540000E-01
1.38040000E-01
1.31830000E-01
1.25890000E-01
1.20230000E-01
1.14810000E-01
1.09650000E-01
1.04710000E-01
1.00000000E-01
9.54990000E-02
9.12010000E-02
8.70960000E-02
8.31760000E-02
7.94330000E-02
7.58580000E-02
7.24440000E-02
6.91830000E-02
6.60690000E-02
6.30960000E-02
6.02560000E-02
5.75440000E-02
5.49540000E-02
5.24810000E-02
5.01190000E-02
4.78630000E-02
4.57090000E-02
4.36520000E-02
4.16870000E-02
3.98110000E-02
3.80190000E-02
3.63080000E-02
3.46740000E-02
3.31130000E-02
3.16230000E-02
3.01990000E-02
2.88400000E-02
2.75420000E-02
2.63030000E-02
2.51190000E-02
2.39880000E-02
2.29090000E-02
2.18780000E-02
2.08930000E-02
1.99530000E-02
1.90550000E-02
1.81970000E-02
1.73780000E-02
1.65960000E-02
1.58490000E-02
1.51360000E-02
1.44540000E-02
1.38040000E-02
1.31830000E-02
1.25890000E-02
1.20230000E-02
1.14810000E-02
1.09650000E-02
1.04710000E-02
1.00000000E-02
9.54990000E-03
9.12010000E-03
8.70960000E-03
8.31760000E-03
7.94330000E-03
7.58580000E-03
7.24440000E-03
6.91830000E-03
6.60690000E-03
6.30960000E-03
6.02560000E-03
5.75440000E-03
5.49540000E-03
5.24810000E-03
5.01190000E-03
4.78630000E-03
4.57090000E-03
4.36520000E-03
4.16870000E-03
3.98110000E-03
3.80190000E-03
3.63080000E-03
3.46740000E-03
3.31130000E-03
3.16230000E-03
3.02000000E-03
2.88400000E-03
2.75420000E-03
2.63030000E-03
2.51190000E-03
2.39880000E-03
2.29090000E-03
2.18780000E-03
2.08930000E-03
1.99530000E-03
1.90550000E-03
1.81970000E-03
1.73780000E-03
1.65960000E-03
1.58490000E-03
1.51360000E-03
1.44540000E-03
1.38040000E-03
1.31830000E-03
1.25890000E-03
1.20230000E-03
1.14820000E-03
1.09650000E-03
1.04710000E-03
1.00000000E-03
9.54990000E-04
9.12010000E-04
8.70960000E-04
8.31760000E-04
7.94330000E-04
7.58580000E-04
7.24440000E-04
6.91830000E-04
6.60690000E-04
6.30960000E-04
6.02560000E-04
5.75440000E-04
5.49540000E-04
5.24810000E-04
5.01190000E-04
4.78630000E-04
4.57090000E-04
4.36520000E-04
4.16870000E-04
3.98110000E-04
3.80190000E-04
3.63080000E-04
3.46740000E-04
3.31130000E-04
3.16230000E-04
3.01990000E-04
2.88400000E-04
2.75420000E-04
2.63030000E-04
2.51190000E-04
2.39880000E-04
2.29090000E-04
2.18780000E-04
2.08930000E-04
1.99530000E-04
1.90550000E-04
1.81970000E-04
1.73780000E-04
1.65960000E-04
1.58490000E-04
1.51360000E-04
1.44540000E-04
1.38040000E-04
1.31830000E-04
1.25890000E-04
1.20230000E-04
1.14820000E-04
1.09650000E-04
1.04710000E-04
1.00000000E-04
9.54990000E-05
9.12010000E-05
8.70960000E-05
8.31760000E-05
7.94330000E-05
7.58580000E-05
7.24440000E-05
6.91830000E-05
6.60690000E-05
6.30960000E-05
6.02560000E-05
5.75440000E-05
5.49540000E-05
5.24810000E-05
5.01190000E-05
4.78630000E-05
4.57090000E-05
4.36520000E-05
4.16870000E-05
3.98110000E-05
3.80190000E-05
3.63080000E-05
3.46740000E-05
3.31130000E-05
3.16230000E-05
3.01990000E-05
2.88400000E-05
2.75420000E-05
2.63030000E-05
2.51190000E-05
2.39880000E-05
2.29090000E-05
2.18780000E-05
2.08930000E-05
1.99530000E-05
1.90550000E-05
1.81970000E-05
1.73780000E-05
1.65960000E-05
1.58490000E-05
1.51360000E-05
1.44540000E-05
1.38040000E-05
1.31830000E-05
1.25890000E-05
1.20230000E-05
1.14820000E-05
1.09650000E-05
1.04710000E-05
1.00000000E-05
 
0.00000000E+00
0.00000000E+00
0.00000000E+00
0.00000000E+00
0.00000000E+00
0.00000000E+00
3.08697000E+09
5.87220000E+12
5.69005000E+13
1.48012000E+13
1.52846000E+12
5.52608000E+11
2.59571000E+11
3.35377000E+11
3.41159000E+11
4.08622000E+11
5.10597000E+11
6.20075000E+11
5.68285000E+11
4.75470000E+11
4.62970000E+11
4.73511000E+11
4.95185000E+11
5.15209000E+11
5.38544000E+11
5.65293000E+11
5.95479000E+11
6.24844000E+11
6.62935000E+11
7.01120000E+11
7.50160000E+11
7.95353000E+11
8.63341000E+11
9.23922000E+11
9.98145000E+11
1.07525000E+12
1.16336000E+12
1.26567000E+12
1.36335000E+12
1.49354000E+12
1.63908000E+12
1.80295000E+12
2.02231000E+12
2.20920000E+12
2.49126000E+12
2.64232000E+12
2.95230000E+12
3.25723000E+12
3.46572000E+12
3.69174000E+12
3.75588000E+12
3.88617000E+12
4.24870000E+12
4.57776000E+12
4.97750000E+12
5.09916000E+12
5.13539000E+12
5.40941000E+12
5.44482000E+12
6.16998000E+12
6.14561000E+12
6.67610000E+12
7.73270000E+12
7.52005000E+12
7.11645000E+12
7.07006000E+12
7.54417000E+12
8.53457000E+12
8.05622000E+12
7.80152000E+12
8.15905000E+12
8.24672000E+12
8.61063000E+12
1.09568000E+13
9.92024000E+12
1.22666000E+13
1.22622000E+13
1.08801000E+13
9.90109000E+12
8.87484000E+12
9.63767000E+12
9.50021000E+12
9.11952000E+12
7.94381000E+12
6.75644000E+12
6.19222000E+12
6.31236000E+12
9.14435000E+12
9.38563000E+12
8.55408000E+12
5.27645000E+12
1.01006000E+13
6.96521000E+12
3.79347000E+12
6.39025000E+12
4.53521000E+12
3.99589000E+12
3.89636000E+12
3.20254000E+12
4.29489000E+12
3.38241000E+12
2.61787000E+12
4.51152000E+12
5.47993000E+12
4.23865000E+12
5.12413000E+12
4.08038000E+12
3.02579000E+12
2.87449000E+12
7.57091000E+12
5.17350000E+12
5.23381000E+12
4.70396000E+12
4.41180000E+12
4.05829000E+12
3.56584000E+12
2.96114000E+12
3.74041000E+12
3.42927000E+12
1.93304000E+12
6.26698000E+12
3.61074000E+12
2.74254000E+12
4.98401000E+12
4.06285000E+12
3.55086000E+12
3.19765000E+12
2.98560000E+12
2.78097000E+12
2.32609000E+12
2.13974000E+12
2.92300000E+12
3.00093000E+12
2.83368000E+12
2.35721000E+12
2.39720000E+12
2.39748000E+12
2.17805000E+12
2.01048000E+12
1.87074000E+12
1.67775000E+12
1.31171000E+12
8.35762000E+11
4.18583000E+11
1.63395000E+12
4.96984000E+12
5.54037000E+12
3.30408000E+12
2.57594000E+12
2.00938000E+12
2.07155000E+12
2.04387000E+12
1.85629000E+12
1.66831000E+12
1.78059000E+12
1.69283000E+12
1.69698000E+12
1.64179000E+12
1.56173000E+12
1.41579000E+12
1.56194000E+12
1.51023000E+12
1.46597000E+12
1.36531000E+12
1.29441000E+12
1.27209000E+12
1.20046000E+12
1.07594000E+12
9.87981000E+11
8.13532000E+11
6.28486000E+11
6.42615000E+11
8.85763000E+11
1.15118000E+12
1.32438000E+12
1.22634000E+12
1.18769000E+12
1.38123000E+12
1.28295000E+12
1.25109000E+12
1.43110000E+12
1.28926000E+12
1.28974000E+12
1.13028000E+12
1.10845000E+12
1.00015000E+12
9.89382000E+11
1.21473000E+12
1.20711000E+12
1.17305000E+12
1.13440000E+12
1.07255000E+12
1.04964000E+12
9.89239000E+11
8.57995000E+11
7.75512000E+11
8.16398000E+11
7.46328000E+11
7.72988000E+11
7.88324000E+11
5.54328000E+11
9.51918000E+11
9.55655000E+11
9.11836000E+11
8.78699000E+11
8.19343000E+11
7.85189000E+11
7.70010000E+11
7.33418000E+11
7.27152000E+11
6.97122000E+11
6.88419000E+11
6.14600000E+11
5.15287000E+11
5.14963000E+11
5.86451000E+11
5.66365000E+11
5.84806000E+11
5.71664000E+11
5.55435000E+11
5.31937000E+11
5.36972000E+11
5.10751000E+11
5.09362000E+11
4.87509000E+11
4.87021000E+11
4.76256000E+11
4.04994000E+11
4.46804000E+11
4.27855000E+11
4.23675000E+11
4.12425000E+11
4.12301000E+11
4.02561000E+11
3.88023000E+11
3.77541000E+11
3.60744000E+11
3.29269000E+11
2.58005000E+11
1.70474000E+11
2.63416000E+11
3.59780000E+11
3.83876000E+11
3.74175000E+11
3.66211000E+11
3.49620000E+11
3.29625000E+11
3.15085000E+11
2.99128000E+11
3.01875000E+11
2.89384000E+11
2.79160000E+11
2.46566000E+11
2.70548000E+11
2.55763000E+11
2.50438000E+11
2.39100000E+11
2.38630000E+11
2.33966000E+11
2.30209000E+11
2.26124000E+11
2.23731000E+11
2.11905000E+11
2.03204000E+11
2.01967000E+11
1.94413000E+11
1.93165000E+11
1.90533000E+11
1.88970000E+11
1.85834000E+11
1.82147000E+11
1.80177000E+11
1.76685000E+11
1.74704000E+11
1.70805000E+11
1.63862000E+11
1.61671000E+11
1.57847000E+11
1.55089000E+11
1.52281000E+11
1.47517000E+11
1.38965000E+11
1.20307000E+11
1.27963000E+11
1.20683000E+11
1.18147000E+11
1.13062000E+11
1.12274000E+11
1.08551000E+11
1.07366000E+11
1.04942000E+11
1.03046000E+11
9.96776000E+10
9.68234000E+10
8.34736000E+10
8.41079000E+10
8.30307000E+10
7.99155000E+10
7.77121000E+10
5.80505000E+10
6.11132000E+10
4.38185000E+10
2.97717000E+10
5.02217000E+10
5.17416000E+10
5.27560000E+10
5.26738000E+10
5.27693000E+10
5.20565000E+10
5.15235000E+10
5.07796000E+10
5.06877000E+10
5.00103000E+10
4.92654000E+10
4.83904000E+10
4.58324000E+10
4.71945000E+10
4.42792000E+10
4.38998000E+10
4.26539000E+10
4.11582000E+10
3.72041000E+10
3.59526000E+10
3.53649000E+10
3.50795000E+10
3.49607000E+10
3.43275000E+10
3.39781000E+10
3.31763000E+10
3.18892000E+10
3.13649000E+10
3.02524000E+10
2.86645000E+10
2.69226000E+10
1.81459000E+10
1.47832000E+10
1.70982000E+10
1.76811000E+10
1.83966000E+10
1.86558000E+10
1.87982000E+10
1.88011000E+10
1.86988000E+10
1.86246000E+10
1.84019000E+10
1.84113000E+10
1.79931000E+10
1.78777000E+10
1.77094000E+10
1.71925000E+10
1.69127000E+10
1.63564000E+10
1.59916000E+10
1.57907000E+10
1.53178000E+10
1.46624000E+10
1.41388000E+10
1.38231000E+10
1.35967000E+10
1.31924000E+10
1.27301000E+10
1.22957000E+10
1.19851000E+10
1.19407000E+10
1.13839000E+10
1.07570000E+10
1.06529000E+10
1.03804000E+10
1.01447000E+10
9.62566000E+09
9.37247000E+09
8.90039000E+09
8.64409000E+09
8.39964000E+09
8.46322000E+09
8.03072000E+09
7.72922000E+09
7.42878000E+09
7.14679000E+09
6.97750000E+09
6.67629000E+09
6.50084000E+09
6.25854000E+09
6.12582000E+09
5.85079000E+09
5.58585000E+09
5.45332000E+09
5.24725000E+09
5.14356000E+09
4.91538000E+09
4.70248000E+09
4.62897000E+09
4.45142000E+09
4.20057000E+09
4.09889000E+09
3.89073000E+09
3.74665000E+09
3.58066000E+09
3.55869000E+09
3.39826000E+09
3.16220000E+09
3.09744000E+09
2.89432000E+09
2.70744000E+09
2.70818000E+09
2.58284000E+09
2.56181000E+09
2.55769000E+09
2.38051000E+09
2.30796000E+09
2.25725000E+09
2.16224000E+09
2.05883000E+09
2.00134000E+09
1.93468000E+09
1.87683000E+09
1.72608000E+09
1.61821000E+09
1.53999000E+09
1.52242000E+09
1.39824000E+09
1.38365000E+09
1.34286000E+09
1.21298000E+09
1.19491000E+09
1.07834000E+09
1.02127000E+09
1.03958000E+09
9.85508000E+08
8.60394000E+08
8.43396000E+08
7.76871000E+08
7.71234000E+08
6.93685000E+08
7.13520000E+08
6.59526000E+08
6.12705000E+08
5.57005000E+08
5.26934000E+08
5.10188000E+08
4.90614000E+08
4.31513000E+08
4.15519000E+08
3.97017000E+08
3.50586000E+08
3.35209000E+08
3.12533000E+08
2.87671000E+08
2.77434000E+08
2.69359000E+08
2.44547000E+08
2.36586000E+08
2.05062000E+08
1.95058000E+08
0.00000000E+00
0.00000000E+00
0.00000000E+00
0.00000000E+00
0.00000000E+00
0.00000000E+00
0.00000000E+00
0.00000000E+00
0.00000000E+00
0.00000000E+00
0.00000000E+00
0.00000000E+00
0.00000000E+00
0.00000000E+00
0.00000000E+00
0.00000000E+00
0.00000000E+00
0.00000000E+00
0.00000000E+00
0.00000000E+00
0.00000000E+00
0.00000000E+00
0.00000000E+00
0.00000000E+00
0.00000000E+00
0.00000000E+00
0.00000000E+00
0.00000000E+00
0.00000000E+00
0.00000000E+00
0.00000000E+00
0.00000000E+00
0.00000000E+00
0.00000000E+00
0.00000000E+00
0.00000000E+00
0.00000000E+00
0.00000000E+00
0.00000000E+00
0.00000000E+00
0.00000000E+00
0.00000000E+00
0.00000000E+00
0.00000000E+00
0.00000000E+00
0.00000000E+00
0.00000000E+00
0.00000000E+00
0.00000000E+00
0.00000000E+00
0.00000000E+00
0.00000000E+00
0.00000000E+00
0.00000000E+00
0.00000000E+00
0.00000000E+00
0.00000000E+00
0.00000000E+00
0.00000000E+00
0.00000000E+00
0.00000000E+00
0.00000000E+00
0.00000000E+00
0.00000000E+00
0.00000000E+00
0.00000000E+00
0.00000000E+00
0.00000000E+00
0.00000000E+00
0.00000000E+00
0.00000000E+00
0.00000000E+00
0.00000000E+00
0.00000000E+00
0.00000000E+00
0.00000000E+00
0.00000000E+00
0.00000000E+00
0.00000000E+00
0.00000000E+00
0.00000000E+00
0.00000000E+00
0.00000000E+00
0.00000000E+00
0.00000000E+00
0.00000000E+00
0.00000000E+00
0.00000000E+00
0.00000000E+00
0.00000000E+00
0.00000000E+00
0.00000000E+00
0.00000000E+00
0.00000000E+00
0.00000000E+00
0.00000000E+00
0.00000000E+00
0.00000000E+00
0.00000000E+00
0.00000000E+00
0.00000000E+00
0.00000000E+00
0.00000000E+00
0.00000000E+00
0.00000000E+00
0.00000000E+00
0.00000000E+00
0.00000000E+00
0.00000000E+00
0.00000000E+00
0.00000000E+00
0.00000000E+00
0.00000000E+00
0.00000000E+00
0.00000000E+00
0.00000000E+00
0.00000000E+00
0.00000000E+00
0.00000000E+00
0.00000000E+00
0.00000000E+00
0.00000000E+00
0.00000000E+00
0.00000000E+00
0.00000000E+00
0.00000000E+00
0.00000000E+00
0.00000000E+00
0.00000000E+00
0.00000000E+00
0.00000000E+00
0.00000000E+00
0.00000000E+00
0.00000000E+00
0.00000000E+00
0.00000000E+00
0.00000000E+00
0.00000000E+00
0.00000000E+00
0.00000000E+00
0.00000000E+00
0.00000000E+00
0.00000000E+00
0.00000000E+00
0.00000000E+00
0.00000000E+00
0.00000000E+00
0.00000000E+00
0.00000000E+00
0.00000000E+00
0.00000000E+00
0.00000000E+00
0.00000000E+00
0.00000000E+00
0.00000000E+00
0.00000000E+00
0.00000000E+00
0.00000000E+00
0.00000000E+00
0.00000000E+00
0.00000000E+00
0.00000000E+00
1.0
wcll_ht.spectrum617
