2.00000000E+07
1.99530000E+07
1.90550000E+07
1.81970000E+07
1.73780000E+07
1.65960000E+07
1.58490000E+07
1.51360000E+07
1.44540000E+07
1.38040000E+07
1.31830000E+07
1.25890000E+07
1.20230000E+07
1.14820000E+07
1.09650000E+07
1.04710000E+07
1.00000000E+07
9.54990000E+06
9.12010000E+06
8.70960000E+06
8.31760000E+06
7.94330000E+06
7.58580000E+06
7.24440000E+06
6.91830000E+06
6.60690000E+06
6.30960000E+06
6.02560000E+06
5.75440000E+06
5.49540000E+06
5.24810000E+06
5.01190000E+06
4.78630000E+06
4.57090000E+06
4.36520000E+06
4.16870000E+06
3.98110000E+06
3.80190000E+06
3.63080000E+06
3.46740000E+06
3.31130000E+06
3.16230000E+06
3.02000000E+06
2.88400000E+06
2.75420000E+06
2.63030000E+06
2.51190000E+06
2.39880000E+06
2.29090000E+06
2.18780000E+06
2.08930000E+06
1.99530000E+06
1.90550000E+06
1.81970000E+06
1.73780000E+06
1.65960000E+06
1.58490000E+06
1.51360000E+06
1.44540000E+06
1.38040000E+06
1.31830000E+06
1.25890000E+06
1.20230000E+06
1.14820000E+06
1.09650000E+06
1.04710000E+06
1.00000000E+06
9.54990000E+05
9.12010000E+05
8.70960000E+05
8.31760000E+05
7.94330000E+05
7.58580000E+05
7.24440000E+05
6.91830000E+05
6.60690000E+05
6.30960000E+05
6.02560000E+05
5.75440000E+05
5.49540000E+05
5.24810000E+05
5.01190000E+05
4.78630000E+05
4.57090000E+05
4.36520000E+05
4.16870000E+05
3.98110000E+05
3.80190000E+05
3.63080000E+05
3.46740000E+05
3.31130000E+05
3.16230000E+05
3.02000000E+05
2.88400000E+05
2.75420000E+05
2.63030000E+05
2.51190000E+05
2.39880000E+05
2.29090000E+05
2.18780000E+05
2.08930000E+05
1.99530000E+05
1.90550000E+05
1.81970000E+05
1.73780000E+05
1.65960000E+05
1.58490000E+05
1.51360000E+05
1.44540000E+05
1.38040000E+05
1.31830000E+05
1.25890000E+05
1.20230000E+05
1.14820000E+05
1.09650000E+05
1.04710000E+05
1.00000000E+05
9.54990000E+04
9.12010000E+04
8.70960000E+04
8.31760000E+04
7.94330000E+04
7.58580000E+04
7.24440000E+04
6.91830000E+04
6.60690000E+04
6.30960000E+04
6.02560000E+04
5.75440000E+04
5.49540000E+04
5.24810000E+04
5.01190000E+04
4.78630000E+04
4.57090000E+04
4.36520000E+04
4.16870000E+04
3.98110000E+04
3.80190000E+04
3.63080000E+04
3.46740000E+04
3.31130000E+04
3.16230000E+04
3.02000000E+04
2.88400000E+04
2.75420000E+04
2.63030000E+04
2.51190000E+04
2.39880000E+04
2.29090000E+04
2.18780000E+04
2.08930000E+04
1.99530000E+04
1.90550000E+04
1.81970000E+04
1.73780000E+04
1.65960000E+04
1.58490000E+04
1.51360000E+04
1.44540000E+04
1.38040000E+04
1.31830000E+04
1.25890000E+04
1.20230000E+04
1.14820000E+04
1.09650000E+04
1.04710000E+04
1.00000000E+04
9.54990000E+03
9.12010000E+03
8.70960000E+03
8.31760000E+03
7.94330000E+03
7.58580000E+03
7.24440000E+03
6.91830000E+03
6.60690000E+03
6.30960000E+03
6.02560000E+03
5.75440000E+03
5.49540000E+03
5.24810000E+03
5.01190000E+03
4.78630000E+03
4.57090000E+03
4.36520000E+03
4.16870000E+03
3.98110000E+03
3.80190000E+03
3.63080000E+03
3.46740000E+03
3.31130000E+03
3.16230000E+03
3.01990000E+03
2.88400000E+03
2.75420000E+03
2.63030000E+03
2.51190000E+03
2.39880000E+03
2.29090000E+03
2.18780000E+03
2.08930000E+03
1.99530000E+03
1.90550000E+03
1.81970000E+03
1.73780000E+03
1.65960000E+03
1.58490000E+03
1.51360000E+03
1.44540000E+03
1.38040000E+03
1.31830000E+03
1.25890000E+03
1.20230000E+03
1.14810000E+03
1.09650000E+03
1.04710000E+03
1.00000000E+03
9.54990000E+02
9.12010000E+02
8.70960000E+02
8.31760000E+02
7.94330000E+02
7.58580000E+02
7.24440000E+02
6.91830000E+02
6.60690000E+02
6.30960000E+02
6.02560000E+02
5.75440000E+02
5.49540000E+02
5.24810000E+02
5.01190000E+02
4.78630000E+02
4.57090000E+02
4.36520000E+02
4.16870000E+02
3.98110000E+02
3.80190000E+02
3.63080000E+02
3.46740000E+02
3.31130000E+02
3.16230000E+02
3.01990000E+02
2.88400000E+02
2.75420000E+02
2.63030000E+02
2.51190000E+02
2.39880000E+02
2.29090000E+02
2.18780000E+02
2.08930000E+02
1.99530000E+02
1.90550000E+02
1.81970000E+02
1.73780000E+02
1.65960000E+02
1.58490000E+02
1.51360000E+02
1.44540000E+02
1.38040000E+02
1.31830000E+02
1.25890000E+02
1.20230000E+02
1.14820000E+02
1.09650000E+02
1.04710000E+02
1.00000000E+02
9.54990000E+01
9.12010000E+01
8.70960000E+01
8.31760000E+01
7.94330000E+01
7.58580000E+01
7.24440000E+01
6.91830000E+01
6.60690000E+01
6.30960000E+01
6.02560000E+01
5.75440000E+01
5.49540000E+01
5.24810000E+01
5.01190000E+01
4.78630000E+01
4.57090000E+01
4.36520000E+01
4.16870000E+01
3.98110000E+01
3.80190000E+01
3.63080000E+01
3.46740000E+01
3.31130000E+01
3.16230000E+01
3.02000000E+01
2.88400000E+01
2.75420000E+01
2.63030000E+01
2.51190000E+01
2.39880000E+01
2.29090000E+01
2.18780000E+01
2.08930000E+01
1.99530000E+01
1.90550000E+01
1.81970000E+01
1.73780000E+01
1.65960000E+01
1.58490000E+01
1.51360000E+01
1.44540000E+01
1.38040000E+01
1.31830000E+01
1.25890000E+01
1.20230000E+01
1.14820000E+01
1.09650000E+01
1.04710000E+01
1.00000000E+01
9.54990000E+00
9.12010000E+00
8.70960000E+00
8.31760000E+00
7.94330000E+00
7.58580000E+00
7.24440000E+00
6.91830000E+00
6.60690000E+00
6.30960000E+00
6.02560000E+00
5.75440000E+00
5.49540000E+00
5.24810000E+00
5.01190000E+00
4.78630000E+00
4.57090000E+00
4.36520000E+00
4.16870000E+00
3.98110000E+00
3.80190000E+00
3.63080000E+00
3.46740000E+00
3.31130000E+00
3.16230000E+00
3.02000000E+00
2.88400000E+00
2.75420000E+00
2.63030000E+00
2.51190000E+00
2.39880000E+00
2.29090000E+00
2.18780000E+00
2.08930000E+00
1.99530000E+00
1.90550000E+00
1.81970000E+00
1.73780000E+00
1.65960000E+00
1.58490000E+00
1.51360000E+00
1.44540000E+00
1.38040000E+00
1.31830000E+00
1.25890000E+00
1.20230000E+00
1.14810000E+00
1.09650000E+00
1.04710000E+00
1.00000000E+00
9.54990000E-01
9.12010000E-01
8.70960000E-01
8.31760000E-01
7.94330000E-01
7.58580000E-01
7.24440000E-01
6.91830000E-01
6.60690000E-01
6.30960000E-01
6.02560000E-01
5.75440000E-01
5.49540000E-01
5.24810000E-01
5.01190000E-01
4.78630000E-01
4.57090000E-01
4.36520000E-01
4.16870000E-01
3.98110000E-01
3.80190000E-01
3.63080000E-01
3.46740000E-01
3.31130000E-01
3.16230000E-01
3.01990000E-01
2.88400000E-01
2.75420000E-01
2.63030000E-01
2.51190000E-01
2.39880000E-01
2.29090000E-01
2.18780000E-01
2.08930000E-01
1.99530000E-01
1.90550000E-01
1.81970000E-01
1.73780000E-01
1.65960000E-01
1.58490000E-01
1.51360000E-01
1.44540000E-01
1.38040000E-01
1.31830000E-01
1.25890000E-01
1.20230000E-01
1.14810000E-01
1.09650000E-01
1.04710000E-01
1.00000000E-01
9.54990000E-02
9.12010000E-02
8.70960000E-02
8.31760000E-02
7.94330000E-02
7.58580000E-02
7.24440000E-02
6.91830000E-02
6.60690000E-02
6.30960000E-02
6.02560000E-02
5.75440000E-02
5.49540000E-02
5.24810000E-02
5.01190000E-02
4.78630000E-02
4.57090000E-02
4.36520000E-02
4.16870000E-02
3.98110000E-02
3.80190000E-02
3.63080000E-02
3.46740000E-02
3.31130000E-02
3.16230000E-02
3.01990000E-02
2.88400000E-02
2.75420000E-02
2.63030000E-02
2.51190000E-02
2.39880000E-02
2.29090000E-02
2.18780000E-02
2.08930000E-02
1.99530000E-02
1.90550000E-02
1.81970000E-02
1.73780000E-02
1.65960000E-02
1.58490000E-02
1.51360000E-02
1.44540000E-02
1.38040000E-02
1.31830000E-02
1.25890000E-02
1.20230000E-02
1.14810000E-02
1.09650000E-02
1.04710000E-02
1.00000000E-02
9.54990000E-03
9.12010000E-03
8.70960000E-03
8.31760000E-03
7.94330000E-03
7.58580000E-03
7.24440000E-03
6.91830000E-03
6.60690000E-03
6.30960000E-03
6.02560000E-03
5.75440000E-03
5.49540000E-03
5.24810000E-03
5.01190000E-03
4.78630000E-03
4.57090000E-03
4.36520000E-03
4.16870000E-03
3.98110000E-03
3.80190000E-03
3.63080000E-03
3.46740000E-03
3.31130000E-03
3.16230000E-03
3.02000000E-03
2.88400000E-03
2.75420000E-03
2.63030000E-03
2.51190000E-03
2.39880000E-03
2.29090000E-03
2.18780000E-03
2.08930000E-03
1.99530000E-03
1.90550000E-03
1.81970000E-03
1.73780000E-03
1.65960000E-03
1.58490000E-03
1.51360000E-03
1.44540000E-03
1.38040000E-03
1.31830000E-03
1.25890000E-03
1.20230000E-03
1.14820000E-03
1.09650000E-03
1.04710000E-03
1.00000000E-03
9.54990000E-04
9.12010000E-04
8.70960000E-04
8.31760000E-04
7.94330000E-04
7.58580000E-04
7.24440000E-04
6.91830000E-04
6.60690000E-04
6.30960000E-04
6.02560000E-04
5.75440000E-04
5.49540000E-04
5.24810000E-04
5.01190000E-04
4.78630000E-04
4.57090000E-04
4.36520000E-04
4.16870000E-04
3.98110000E-04
3.80190000E-04
3.63080000E-04
3.46740000E-04
3.31130000E-04
3.16230000E-04
3.01990000E-04
2.88400000E-04
2.75420000E-04
2.63030000E-04
2.51190000E-04
2.39880000E-04
2.29090000E-04
2.18780000E-04
2.08930000E-04
1.99530000E-04
1.90550000E-04
1.81970000E-04
1.73780000E-04
1.65960000E-04
1.58490000E-04
1.51360000E-04
1.44540000E-04
1.38040000E-04
1.31830000E-04
1.25890000E-04
1.20230000E-04
1.14820000E-04
1.09650000E-04
1.04710000E-04
1.00000000E-04
9.54990000E-05
9.12010000E-05
8.70960000E-05
8.31760000E-05
7.94330000E-05
7.58580000E-05
7.24440000E-05
6.91830000E-05
6.60690000E-05
6.30960000E-05
6.02560000E-05
5.75440000E-05
5.49540000E-05
5.24810000E-05
5.01190000E-05
4.78630000E-05
4.57090000E-05
4.36520000E-05
4.16870000E-05
3.98110000E-05
3.80190000E-05
3.63080000E-05
3.46740000E-05
3.31130000E-05
3.16230000E-05
3.01990000E-05
2.88400000E-05
2.75420000E-05
2.63030000E-05
2.51190000E-05
2.39880000E-05
2.29090000E-05
2.18780000E-05
2.08930000E-05
1.99530000E-05
1.90550000E-05
1.81970000E-05
1.73780000E-05
1.65960000E-05
1.58490000E-05
1.51360000E-05
1.44540000E-05
1.38040000E-05
1.31830000E-05
1.25890000E-05
1.20230000E-05
1.14820000E-05
1.09650000E-05
1.04710000E-05
1.00000000E-05
 
0.00000000E+00
0.00000000E+00
0.00000000E+00
0.00000000E+00
0.00000000E+00
0.00000000E+00
0.00000000E+00
4.08460000E+04
3.05656000E+06
8.11334000E+06
1.07139000E+07
9.89440000E+06
7.65373000E+06
6.13304000E+06
6.18419000E+06
5.56383000E+06
5.82294000E+06
5.07327000E+06
4.54558000E+06
4.60880000E+06
4.65453000E+06
4.29548000E+06
3.55789000E+06
4.13527000E+06
3.60335000E+06
4.01727000E+06
4.06278000E+06
4.35798000E+06
4.06815000E+06
4.14465000E+06
3.69365000E+06
3.62657000E+06
4.52334000E+06
3.60799000E+06
3.88627000E+06
4.21187000E+06
3.83361000E+06
4.12403000E+06
4.06478000E+06
4.09682000E+06
4.58354000E+06
4.52505000E+06
4.75432000E+06
5.30394000E+06
5.47687000E+06
5.64514000E+06
6.38800000E+06
6.76987000E+06
6.72134000E+06
6.04660000E+06
6.50662000E+06
6.30756000E+06
6.74739000E+06
7.47604000E+06
7.37910000E+06
7.09461000E+06
7.32853000E+06
7.34961000E+06
8.21578000E+06
7.76472000E+06
7.86649000E+06
9.54732000E+06
9.78651000E+06
8.77081000E+06
7.44973000E+06
6.57113000E+06
6.97630000E+06
7.94522000E+06
7.78441000E+06
8.98799000E+06
9.28438000E+06
9.13064000E+06
9.63868000E+06
8.67472000E+06
8.38727000E+06
8.74883000E+06
8.72933000E+06
8.92697000E+06
8.40132000E+06
7.00835000E+06
6.95944000E+06
6.82223000E+06
6.06639000E+06
5.41847000E+06
4.82098000E+06
5.69665000E+06
5.60620000E+06
6.14723000E+06
6.25680000E+06
6.24388000E+06
6.06936000E+06
6.96372000E+06
5.52089000E+06
4.89913000E+06
6.61433000E+06
5.44969000E+06
4.82810000E+06
5.02383000E+06
5.54316000E+06
4.16509000E+06
4.80997000E+06
4.31880000E+06
5.08781000E+06
4.78734000E+06
4.12301000E+06
3.54252000E+06
5.13064000E+06
3.65931000E+06
3.15467000E+06
5.43234000E+06
4.23077000E+06
4.09965000E+06
3.84563000E+06
3.44081000E+06
3.67695000E+06
3.69456000E+06
2.88813000E+06
3.93905000E+06
3.62599000E+06
3.21718000E+06
4.02542000E+06
3.64477000E+06
3.06568000E+06
3.17020000E+06
2.64461000E+06
2.40139000E+06
4.22290000E+06
4.07882000E+06
3.17485000E+06
2.93514000E+06
2.49816000E+06
3.15172000E+06
3.31605000E+06
2.89578000E+06
2.82392000E+06
2.81850000E+06
2.55143000E+06
2.68643000E+06
2.83499000E+06
2.63487000E+06
2.42595000E+06
2.38244000E+06
1.86357000E+06
1.91138000E+06
3.15984000E+06
3.50002000E+06
2.83649000E+06
2.61603000E+06
2.57013000E+06
2.40009000E+06
2.40180000E+06
2.36590000E+06
2.18851000E+06
2.09076000E+06
1.83139000E+06
1.52215000E+06
1.25994000E+06
2.18549000E+06
3.28761000E+06
2.66915000E+06
2.31886000E+06
2.32511000E+06
2.92634000E+06
3.29845000E+06
3.17953000E+06
2.94151000E+06
2.70793000E+06
2.49501000E+06
2.26705000E+06
2.17036000E+06
2.03990000E+06
2.27571000E+06
2.42523000E+06
2.41064000E+06
2.36523000E+06
2.30691000E+06
2.40081000E+06
2.35128000E+06
2.02914000E+06
2.27264000E+06
2.10361000E+06
2.06135000E+06
2.18223000E+06
2.09809000E+06
2.32574000E+06
2.26024000E+06
2.38703000E+06
2.41471000E+06
2.47462000E+06
2.42157000E+06
2.42194000E+06
2.49735000E+06
2.47115000E+06
2.42341000E+06
2.36647000E+06
2.37246000E+06
2.46330000E+06
2.43335000E+06
2.60174000E+06
2.27217000E+06
2.29548000E+06
2.47269000E+06
2.37506000E+06
2.37973000E+06
2.29280000E+06
2.33500000E+06
2.43798000E+06
2.25091000E+06
2.39869000E+06
2.36985000E+06
2.32435000E+06
2.33399000E+06
2.34681000E+06
2.25396000E+06
2.37391000E+06
2.24945000E+06
2.26804000E+06
2.30945000E+06
2.28278000E+06
2.37703000E+06
2.30878000E+06
2.35206000E+06
2.24198000E+06
2.32795000E+06
2.34866000E+06
2.29754000E+06
2.38819000E+06
2.35389000E+06
2.35193000E+06
2.39314000E+06
2.39512000E+06
2.34053000E+06
2.27533000E+06
2.44518000E+06
2.45029000E+06
2.33061000E+06
2.41221000E+06
2.23122000E+06
2.28755000E+06
2.27065000E+06
2.32562000E+06
2.49435000E+06
2.51269000E+06
2.36704000E+06
2.30606000E+06
2.29073000E+06
2.12990000E+06
2.34101000E+06
2.31736000E+06
2.27587000E+06
2.35487000E+06
2.25792000E+06
2.20382000E+06
2.35706000E+06
2.22496000E+06
2.40457000E+06
2.33681000E+06
2.33070000E+06
2.43219000E+06
2.20606000E+06
2.21990000E+06
2.33251000E+06
2.31715000E+06
2.35735000E+06
2.30132000E+06
2.33510000E+06
2.39826000E+06
2.39676000E+06
2.40828000E+06
2.20606000E+06
2.48536000E+06
2.51312000E+06
2.36865000E+06
2.35484000E+06
2.45210000E+06
2.44300000E+06
2.36089000E+06
2.43181000E+06
2.40259000E+06
2.51410000E+06
2.45947000E+06
2.41996000E+06
2.26128000E+06
1.86282000E+06
2.31589000E+06
2.41667000E+06
2.22291000E+06
2.33669000E+06
2.15223000E+06
2.24555000E+06
2.30359000E+06
2.25912000E+06
2.40063000E+06
2.33529000E+06
2.17816000E+06
2.29164000E+06
2.24581000E+06
2.25415000E+06
2.33110000E+06
2.20445000E+06
2.28068000E+06
2.21081000E+06
2.35761000E+06
2.32093000E+06
2.28307000E+06
2.29849000E+06
2.34458000E+06
2.37492000E+06
2.26991000E+06
2.28407000E+06
2.41255000E+06
2.27062000E+06
2.36141000E+06
2.25449000E+06
2.31869000E+06
2.24809000E+06
2.37585000E+06
2.20981000E+06
2.25578000E+06
2.40037000E+06
2.30149000E+06
2.41052000E+06
2.14067000E+06
2.28890000E+06
2.23750000E+06
2.23190000E+06
2.30787000E+06
2.28605000E+06
2.27740000E+06
2.28361000E+06
2.39925000E+06
2.23646000E+06
2.35893000E+06
2.28979000E+06
2.23977000E+06
2.12876000E+06
2.15035000E+06
2.21979000E+06
2.20077000E+06
2.36983000E+06
2.33612000E+06
2.22575000E+06
2.21329000E+06
2.31750000E+06
2.26762000E+06
2.28210000E+06
2.27265000E+06
2.28673000E+06
2.30939000E+06
2.36646000E+06
2.30875000E+06
2.20730000E+06
2.28360000E+06
2.23712000E+06
2.18302000E+06
2.23122000E+06
2.25714000E+06
2.09357000E+06
2.26900000E+06
2.30693000E+06
2.27211000E+06
2.15770000E+06
2.16734000E+06
2.14794000E+06
2.16568000E+06
2.20143000E+06
2.12987000E+06
2.08735000E+06
2.16848000E+06
2.14647000E+06
2.06976000E+06
2.12616000E+06
2.10593000E+06
2.20068000E+06
2.11059000E+06
2.21247000E+06
2.15593000E+06
2.16292000E+06
2.20051000E+06
2.25429000E+06
2.17026000E+06
2.17072000E+06
2.07608000E+06
2.09168000E+06
2.03852000E+06
2.00706000E+06
2.07037000E+06
2.12161000E+06
2.17047000E+06
2.13155000E+06
2.14422000E+06
2.15978000E+06
2.06376000E+06
2.06127000E+06
2.12909000E+06
2.15249000E+06
2.11382000E+06
2.16213000E+06
2.22571000E+06
2.22932000E+06
2.26292000E+06
2.34125000E+06
2.35301000E+06
2.44415000E+06
2.36810000E+06
2.53475000E+06
2.70855000E+06
2.76415000E+06
2.79950000E+06
2.94735000E+06
3.02086000E+06
3.01871000E+06
3.15831000E+06
3.34499000E+06
3.41919000E+06
3.53453000E+06
3.59755000E+06
3.81466000E+06
3.78498000E+06
3.78390000E+06
3.81913000E+06
3.93458000E+06
4.09970000E+06
4.09503000E+06
3.96164000E+06
4.00556000E+06
4.16186000E+06
4.01805000E+06
3.92424000E+06
3.89733000E+06
3.86682000E+06
3.76804000E+06
3.61611000E+06
3.47727000E+06
3.49534000E+06
3.37132000E+06
3.19308000E+06
3.12647000E+06
3.01925000E+06
2.89950000E+06
2.86350000E+06
2.62380000E+06
2.61892000E+06
2.47799000E+06
2.29210000E+06
2.15173000E+06
2.06866000E+06
1.90611000E+06
1.92932000E+06
1.71803000E+06
1.61035000E+06
1.54578000E+06
1.47209000E+06
1.34481000E+06
1.31801000E+06
1.16394000E+06
1.09319000E+06
1.04734000E+06
1.03377000E+06
9.16449000E+05
8.77686000E+05
7.79697000E+05
7.06444000E+05
6.62176000E+05
6.16025000E+05
5.53079000E+05
5.38171000E+05
5.09052000E+05
5.00869000E+05
4.08684000E+05
3.78190000E+05
3.53225000E+05
3.74335000E+05
2.97590000E+05
2.87172000E+05
2.66657000E+05
2.36147000E+05
2.02302000E+05
1.82765000E+05
1.88741000E+05
1.61049000E+05
1.55849000E+05
1.49301000E+05
1.31797000E+05
1.29150000E+05
1.01198000E+05
1.07438000E+05
9.74711000E+04
7.98028000E+04
7.62121000E+04
8.22577000E+04
6.93113000E+04
6.17351000E+04
5.44171000E+04
5.29311000E+04
4.24547000E+04
3.83220000E+04
3.95174000E+04
3.12385000E+04
3.31635000E+04
3.39873000E+04
2.88428000E+04
2.19293000E+04
2.05803000E+04
1.68283000E+04
2.02576000E+04
1.59344000E+04
1.59560000E+04
1.24746000E+04
1.22147000E+04
1.53726000E+04
1.10901000E+04
1.12700000E+04
9.00428000E+03
1.06503000E+04
9.09244000E+03
6.46667000E+03
0.00000000E+00
0.00000000E+00
0.00000000E+00
0.00000000E+00
0.00000000E+00
0.00000000E+00
0.00000000E+00
0.00000000E+00
0.00000000E+00
0.00000000E+00
0.00000000E+00
0.00000000E+00
0.00000000E+00
0.00000000E+00
0.00000000E+00
0.00000000E+00
0.00000000E+00
0.00000000E+00
0.00000000E+00
0.00000000E+00
0.00000000E+00
0.00000000E+00
0.00000000E+00
0.00000000E+00
0.00000000E+00
0.00000000E+00
0.00000000E+00
0.00000000E+00
0.00000000E+00
0.00000000E+00
0.00000000E+00
0.00000000E+00
0.00000000E+00
0.00000000E+00
0.00000000E+00
0.00000000E+00
0.00000000E+00
0.00000000E+00
0.00000000E+00
0.00000000E+00
0.00000000E+00
0.00000000E+00
0.00000000E+00
0.00000000E+00
0.00000000E+00
0.00000000E+00
0.00000000E+00
0.00000000E+00
0.00000000E+00
0.00000000E+00
0.00000000E+00
0.00000000E+00
0.00000000E+00
0.00000000E+00
0.00000000E+00
0.00000000E+00
0.00000000E+00
0.00000000E+00
0.00000000E+00
0.00000000E+00
0.00000000E+00
0.00000000E+00
0.00000000E+00
0.00000000E+00
0.00000000E+00
0.00000000E+00
0.00000000E+00
0.00000000E+00
0.00000000E+00
0.00000000E+00
0.00000000E+00
0.00000000E+00
0.00000000E+00
0.00000000E+00
0.00000000E+00
0.00000000E+00
0.00000000E+00
0.00000000E+00
0.00000000E+00
0.00000000E+00
0.00000000E+00
0.00000000E+00
0.00000000E+00
0.00000000E+00
0.00000000E+00
0.00000000E+00
0.00000000E+00
0.00000000E+00
0.00000000E+00
0.00000000E+00
0.00000000E+00
0.00000000E+00
0.00000000E+00
0.00000000E+00
0.00000000E+00
0.00000000E+00
0.00000000E+00
0.00000000E+00
0.00000000E+00
1.0
wccb_169.spectrum617
