2.00000000E+07
1.99530000E+07
1.90550000E+07
1.81970000E+07
1.73780000E+07
1.65960000E+07
1.58490000E+07
1.51360000E+07
1.44540000E+07
1.38040000E+07
1.31830000E+07
1.25890000E+07
1.20230000E+07
1.14820000E+07
1.09650000E+07
1.04710000E+07
1.00000000E+07
9.54990000E+06
9.12010000E+06
8.70960000E+06
8.31760000E+06
7.94330000E+06
7.58580000E+06
7.24440000E+06
6.91830000E+06
6.60690000E+06
6.30960000E+06
6.02560000E+06
5.75440000E+06
5.49540000E+06
5.24810000E+06
5.01190000E+06
4.78630000E+06
4.57090000E+06
4.36520000E+06
4.16870000E+06
3.98110000E+06
3.80190000E+06
3.63080000E+06
3.46740000E+06
3.31130000E+06
3.16230000E+06
3.02000000E+06
2.88400000E+06
2.75420000E+06
2.63030000E+06
2.51190000E+06
2.39880000E+06
2.29090000E+06
2.18780000E+06
2.08930000E+06
1.99530000E+06
1.90550000E+06
1.81970000E+06
1.73780000E+06
1.65960000E+06
1.58490000E+06
1.51360000E+06
1.44540000E+06
1.38040000E+06
1.31830000E+06
1.25890000E+06
1.20230000E+06
1.14820000E+06
1.09650000E+06
1.04710000E+06
1.00000000E+06
9.54990000E+05
9.12010000E+05
8.70960000E+05
8.31760000E+05
7.94330000E+05
7.58580000E+05
7.24440000E+05
6.91830000E+05
6.60690000E+05
6.30960000E+05
6.02560000E+05
5.75440000E+05
5.49540000E+05
5.24810000E+05
5.01190000E+05
4.78630000E+05
4.57090000E+05
4.36520000E+05
4.16870000E+05
3.98110000E+05
3.80190000E+05
3.63080000E+05
3.46740000E+05
3.31130000E+05
3.16230000E+05
3.02000000E+05
2.88400000E+05
2.75420000E+05
2.63030000E+05
2.51190000E+05
2.39880000E+05
2.29090000E+05
2.18780000E+05
2.08930000E+05
1.99530000E+05
1.90550000E+05
1.81970000E+05
1.73780000E+05
1.65960000E+05
1.58490000E+05
1.51360000E+05
1.44540000E+05
1.38040000E+05
1.31830000E+05
1.25890000E+05
1.20230000E+05
1.14820000E+05
1.09650000E+05
1.04710000E+05
1.00000000E+05
9.54990000E+04
9.12010000E+04
8.70960000E+04
8.31760000E+04
7.94330000E+04
7.58580000E+04
7.24440000E+04
6.91830000E+04
6.60690000E+04
6.30960000E+04
6.02560000E+04
5.75440000E+04
5.49540000E+04
5.24810000E+04
5.01190000E+04
4.78630000E+04
4.57090000E+04
4.36520000E+04
4.16870000E+04
3.98110000E+04
3.80190000E+04
3.63080000E+04
3.46740000E+04
3.31130000E+04
3.16230000E+04
3.02000000E+04
2.88400000E+04
2.75420000E+04
2.63030000E+04
2.51190000E+04
2.39880000E+04
2.29090000E+04
2.18780000E+04
2.08930000E+04
1.99530000E+04
1.90550000E+04
1.81970000E+04
1.73780000E+04
1.65960000E+04
1.58490000E+04
1.51360000E+04
1.44540000E+04
1.38040000E+04
1.31830000E+04
1.25890000E+04
1.20230000E+04
1.14820000E+04
1.09650000E+04
1.04710000E+04
1.00000000E+04
9.54990000E+03
9.12010000E+03
8.70960000E+03
8.31760000E+03
7.94330000E+03
7.58580000E+03
7.24440000E+03
6.91830000E+03
6.60690000E+03
6.30960000E+03
6.02560000E+03
5.75440000E+03
5.49540000E+03
5.24810000E+03
5.01190000E+03
4.78630000E+03
4.57090000E+03
4.36520000E+03
4.16870000E+03
3.98110000E+03
3.80190000E+03
3.63080000E+03
3.46740000E+03
3.31130000E+03
3.16230000E+03
3.01990000E+03
2.88400000E+03
2.75420000E+03
2.63030000E+03
2.51190000E+03
2.39880000E+03
2.29090000E+03
2.18780000E+03
2.08930000E+03
1.99530000E+03
1.90550000E+03
1.81970000E+03
1.73780000E+03
1.65960000E+03
1.58490000E+03
1.51360000E+03
1.44540000E+03
1.38040000E+03
1.31830000E+03
1.25890000E+03
1.20230000E+03
1.14810000E+03
1.09650000E+03
1.04710000E+03
1.00000000E+03
9.54990000E+02
9.12010000E+02
8.70960000E+02
8.31760000E+02
7.94330000E+02
7.58580000E+02
7.24440000E+02
6.91830000E+02
6.60690000E+02
6.30960000E+02
6.02560000E+02
5.75440000E+02
5.49540000E+02
5.24810000E+02
5.01190000E+02
4.78630000E+02
4.57090000E+02
4.36520000E+02
4.16870000E+02
3.98110000E+02
3.80190000E+02
3.63080000E+02
3.46740000E+02
3.31130000E+02
3.16230000E+02
3.01990000E+02
2.88400000E+02
2.75420000E+02
2.63030000E+02
2.51190000E+02
2.39880000E+02
2.29090000E+02
2.18780000E+02
2.08930000E+02
1.99530000E+02
1.90550000E+02
1.81970000E+02
1.73780000E+02
1.65960000E+02
1.58490000E+02
1.51360000E+02
1.44540000E+02
1.38040000E+02
1.31830000E+02
1.25890000E+02
1.20230000E+02
1.14820000E+02
1.09650000E+02
1.04710000E+02
1.00000000E+02
9.54990000E+01
9.12010000E+01
8.70960000E+01
8.31760000E+01
7.94330000E+01
7.58580000E+01
7.24440000E+01
6.91830000E+01
6.60690000E+01
6.30960000E+01
6.02560000E+01
5.75440000E+01
5.49540000E+01
5.24810000E+01
5.01190000E+01
4.78630000E+01
4.57090000E+01
4.36520000E+01
4.16870000E+01
3.98110000E+01
3.80190000E+01
3.63080000E+01
3.46740000E+01
3.31130000E+01
3.16230000E+01
3.02000000E+01
2.88400000E+01
2.75420000E+01
2.63030000E+01
2.51190000E+01
2.39880000E+01
2.29090000E+01
2.18780000E+01
2.08930000E+01
1.99530000E+01
1.90550000E+01
1.81970000E+01
1.73780000E+01
1.65960000E+01
1.58490000E+01
1.51360000E+01
1.44540000E+01
1.38040000E+01
1.31830000E+01
1.25890000E+01
1.20230000E+01
1.14820000E+01
1.09650000E+01
1.04710000E+01
1.00000000E+01
9.54990000E+00
9.12010000E+00
8.70960000E+00
8.31760000E+00
7.94330000E+00
7.58580000E+00
7.24440000E+00
6.91830000E+00
6.60690000E+00
6.30960000E+00
6.02560000E+00
5.75440000E+00
5.49540000E+00
5.24810000E+00
5.01190000E+00
4.78630000E+00
4.57090000E+00
4.36520000E+00
4.16870000E+00
3.98110000E+00
3.80190000E+00
3.63080000E+00
3.46740000E+00
3.31130000E+00
3.16230000E+00
3.02000000E+00
2.88400000E+00
2.75420000E+00
2.63030000E+00
2.51190000E+00
2.39880000E+00
2.29090000E+00
2.18780000E+00
2.08930000E+00
1.99530000E+00
1.90550000E+00
1.81970000E+00
1.73780000E+00
1.65960000E+00
1.58490000E+00
1.51360000E+00
1.44540000E+00
1.38040000E+00
1.31830000E+00
1.25890000E+00
1.20230000E+00
1.14810000E+00
1.09650000E+00
1.04710000E+00
1.00000000E+00
9.54990000E-01
9.12010000E-01
8.70960000E-01
8.31760000E-01
7.94330000E-01
7.58580000E-01
7.24440000E-01
6.91830000E-01
6.60690000E-01
6.30960000E-01
6.02560000E-01
5.75440000E-01
5.49540000E-01
5.24810000E-01
5.01190000E-01
4.78630000E-01
4.57090000E-01
4.36520000E-01
4.16870000E-01
3.98110000E-01
3.80190000E-01
3.63080000E-01
3.46740000E-01
3.31130000E-01
3.16230000E-01
3.01990000E-01
2.88400000E-01
2.75420000E-01
2.63030000E-01
2.51190000E-01
2.39880000E-01
2.29090000E-01
2.18780000E-01
2.08930000E-01
1.99530000E-01
1.90550000E-01
1.81970000E-01
1.73780000E-01
1.65960000E-01
1.58490000E-01
1.51360000E-01
1.44540000E-01
1.38040000E-01
1.31830000E-01
1.25890000E-01
1.20230000E-01
1.14810000E-01
1.09650000E-01
1.04710000E-01
1.00000000E-01
9.54990000E-02
9.12010000E-02
8.70960000E-02
8.31760000E-02
7.94330000E-02
7.58580000E-02
7.24440000E-02
6.91830000E-02
6.60690000E-02
6.30960000E-02
6.02560000E-02
5.75440000E-02
5.49540000E-02
5.24810000E-02
5.01190000E-02
4.78630000E-02
4.57090000E-02
4.36520000E-02
4.16870000E-02
3.98110000E-02
3.80190000E-02
3.63080000E-02
3.46740000E-02
3.31130000E-02
3.16230000E-02
3.01990000E-02
2.88400000E-02
2.75420000E-02
2.63030000E-02
2.51190000E-02
2.39880000E-02
2.29090000E-02
2.18780000E-02
2.08930000E-02
1.99530000E-02
1.90550000E-02
1.81970000E-02
1.73780000E-02
1.65960000E-02
1.58490000E-02
1.51360000E-02
1.44540000E-02
1.38040000E-02
1.31830000E-02
1.25890000E-02
1.20230000E-02
1.14810000E-02
1.09650000E-02
1.04710000E-02
1.00000000E-02
9.54990000E-03
9.12010000E-03
8.70960000E-03
8.31760000E-03
7.94330000E-03
7.58580000E-03
7.24440000E-03
6.91830000E-03
6.60690000E-03
6.30960000E-03
6.02560000E-03
5.75440000E-03
5.49540000E-03
5.24810000E-03
5.01190000E-03
4.78630000E-03
4.57090000E-03
4.36520000E-03
4.16870000E-03
3.98110000E-03
3.80190000E-03
3.63080000E-03
3.46740000E-03
3.31130000E-03
3.16230000E-03
3.02000000E-03
2.88400000E-03
2.75420000E-03
2.63030000E-03
2.51190000E-03
2.39880000E-03
2.29090000E-03
2.18780000E-03
2.08930000E-03
1.99530000E-03
1.90550000E-03
1.81970000E-03
1.73780000E-03
1.65960000E-03
1.58490000E-03
1.51360000E-03
1.44540000E-03
1.38040000E-03
1.31830000E-03
1.25890000E-03
1.20230000E-03
1.14820000E-03
1.09650000E-03
1.04710000E-03
1.00000000E-03
9.54990000E-04
9.12010000E-04
8.70960000E-04
8.31760000E-04
7.94330000E-04
7.58580000E-04
7.24440000E-04
6.91830000E-04
6.60690000E-04
6.30960000E-04
6.02560000E-04
5.75440000E-04
5.49540000E-04
5.24810000E-04
5.01190000E-04
4.78630000E-04
4.57090000E-04
4.36520000E-04
4.16870000E-04
3.98110000E-04
3.80190000E-04
3.63080000E-04
3.46740000E-04
3.31130000E-04
3.16230000E-04
3.01990000E-04
2.88400000E-04
2.75420000E-04
2.63030000E-04
2.51190000E-04
2.39880000E-04
2.29090000E-04
2.18780000E-04
2.08930000E-04
1.99530000E-04
1.90550000E-04
1.81970000E-04
1.73780000E-04
1.65960000E-04
1.58490000E-04
1.51360000E-04
1.44540000E-04
1.38040000E-04
1.31830000E-04
1.25890000E-04
1.20230000E-04
1.14820000E-04
1.09650000E-04
1.04710000E-04
1.00000000E-04
9.54990000E-05
9.12010000E-05
8.70960000E-05
8.31760000E-05
7.94330000E-05
7.58580000E-05
7.24440000E-05
6.91830000E-05
6.60690000E-05
6.30960000E-05
6.02560000E-05
5.75440000E-05
5.49540000E-05
5.24810000E-05
5.01190000E-05
4.78630000E-05
4.57090000E-05
4.36520000E-05
4.16870000E-05
3.98110000E-05
3.80190000E-05
3.63080000E-05
3.46740000E-05
3.31130000E-05
3.16230000E-05
3.01990000E-05
2.88400000E-05
2.75420000E-05
2.63030000E-05
2.51190000E-05
2.39880000E-05
2.29090000E-05
2.18780000E-05
2.08930000E-05
1.99530000E-05
1.90550000E-05
1.81970000E-05
1.73780000E-05
1.65960000E-05
1.58490000E-05
1.51360000E-05
1.44540000E-05
1.38040000E-05
1.31830000E-05
1.25890000E-05
1.20230000E-05
1.14820000E-05
1.09650000E-05
1.04710000E-05
1.00000000E-05
 
0.00000000E+00
0.00000000E+00
0.00000000E+00
0.00000000E+00
0.00000000E+00
0.00000000E+00
3.15121000E+09
5.92964000E+12
5.74348000E+13
1.49542000E+13
1.51138000E+12
4.97606000E+11
2.25659000E+11
3.10543000E+11
3.26237000E+11
4.01508000E+11
5.09441000E+11
6.24090000E+11
5.65465000E+11
4.75111000E+11
4.58744000E+11
4.64889000E+11
4.88801000E+11
5.01894000E+11
5.24961000E+11
5.50901000E+11
5.81827000E+11
6.11763000E+11
6.58847000E+11
6.97316000E+11
7.49937000E+11
7.99743000E+11
8.63268000E+11
9.34572000E+11
1.01350000E+12
1.09522000E+12
1.19066000E+12
1.28576000E+12
1.40036000E+12
1.53173000E+12
1.69127000E+12
1.84803000E+12
2.07544000E+12
2.27846000E+12
2.57749000E+12
2.74234000E+12
3.08695000E+12
3.39837000E+12
3.64286000E+12
3.90794000E+12
3.97532000E+12
4.13357000E+12
4.54794000E+12
4.89741000E+12
5.36850000E+12
5.51635000E+12
5.55371000E+12
5.87349000E+12
5.91448000E+12
6.81143000E+12
6.87004000E+12
7.46599000E+12
8.77101000E+12
8.61848000E+12
8.19903000E+12
8.30803000E+12
8.99206000E+12
1.02456000E+13
9.56924000E+12
9.16276000E+12
9.43517000E+12
9.52557000E+12
1.00910000E+13
1.33425000E+13
1.21540000E+13
1.57127000E+13
1.60692000E+13
1.44383000E+13
1.30825000E+13
1.16270000E+13
1.26740000E+13
1.27210000E+13
1.24358000E+13
1.10639000E+13
9.44906000E+12
8.39217000E+12
8.41896000E+12
1.29188000E+13
1.34402000E+13
1.21333000E+13
7.10483000E+12
1.46172000E+13
9.82552000E+12
4.95497000E+12
8.61332000E+12
5.78378000E+12
4.95041000E+12
4.77266000E+12
3.87089000E+12
5.27091000E+12
4.09725000E+12
3.10440000E+12
5.69642000E+12
7.17652000E+12
5.70257000E+12
7.09334000E+12
5.64185000E+12
4.06671000E+12
3.85356000E+12
1.12720000E+13
7.93679000E+12
8.21591000E+12
7.49879000E+12
7.06034000E+12
6.40402000E+12
5.55669000E+12
4.49173000E+12
5.75591000E+12
5.28634000E+12
2.84791000E+12
1.05041000E+13
5.88256000E+12
4.39906000E+12
8.49746000E+12
7.11210000E+12
6.18953000E+12
5.50472000E+12
5.04771000E+12
4.59344000E+12
3.69180000E+12
3.29107000E+12
4.52133000E+12
4.69154000E+12
4.43807000E+12
3.61603000E+12
3.59430000E+12
3.55226000E+12
3.16540000E+12
2.84012000E+12
2.56616000E+12
2.20979000E+12
1.64547000E+12
9.84520000E+11
4.57775000E+11
1.78022000E+12
6.27202000E+12
8.58560000E+12
5.43828000E+12
4.15911000E+12
2.97794000E+12
2.90569000E+12
2.73953000E+12
2.35183000E+12
1.97261000E+12
2.03343000E+12
1.84309000E+12
1.77130000E+12
1.64703000E+12
1.49744000E+12
1.28450000E+12
1.37628000E+12
1.27215000E+12
1.20304000E+12
1.08052000E+12
9.80022000E+11
9.30874000E+11
8.39992000E+11
7.20866000E+11
6.23992000E+11
4.82890000E+11
3.49170000E+11
3.34957000E+11
4.45607000E+11
5.71157000E+11
6.56247000E+11
5.98165000E+11
5.68440000E+11
6.58617000E+11
6.04702000E+11
5.81717000E+11
6.64577000E+11
5.92317000E+11
5.79115000E+11
4.93562000E+11
4.69459000E+11
4.05706000E+11
3.86009000E+11
4.66306000E+11
4.56724000E+11
4.34012000E+11
4.08497000E+11
3.73293000E+11
3.57860000E+11
3.21074000E+11
2.63774000E+11
2.26026000E+11
2.23209000E+11
1.91286000E+11
1.87889000E+11
1.82294000E+11
1.18847000E+11
1.99943000E+11
1.96363000E+11
1.83666000E+11
1.69522000E+11
1.52374000E+11
1.38504000E+11
1.28495000E+11
1.16446000E+11
1.08668000E+11
9.88235000E+10
9.13570000E+10
7.71161000E+10
5.93885000E+10
5.35925000E+10
5.70713000E+10
5.18010000E+10
5.04746000E+10
4.69780000E+10
4.26952000E+10
3.83554000E+10
3.62897000E+10
3.22049000E+10
2.98754000E+10
2.68051000E+10
2.47076000E+10
2.34809000E+10
1.82767000E+10
1.87198000E+10
1.66081000E+10
1.52165000E+10
1.37877000E+10
1.28565000E+10
1.24643000E+10
1.12123000E+10
1.02944000E+10
9.04846000E+09
7.73413000E+09
5.60671000E+09
3.30976000E+09
4.80167000E+09
6.13286000E+09
6.31194000E+09
6.22939000E+09
5.74114000E+09
5.02533000E+09
4.44969000E+09
4.06648000E+09
3.72134000E+09
3.35981000E+09
3.14047000E+09
2.83727000E+09
2.30333000E+09
2.34233000E+09
1.97835000E+09
1.86009000E+09
1.77790000E+09
1.55756000E+09
1.52011000E+09
1.44006000E+09
1.32017000E+09
1.31431000E+09
1.19729000E+09
1.09104000E+09
1.00159000E+09
9.89310000E+08
9.20533000E+08
9.66507000E+08
9.37623000E+08
1.05304000E+09
1.17771000E+09
1.20038000E+09
1.22346000E+09
1.27567000E+09
1.35314000E+09
1.21179000E+09
1.13313000E+09
1.16889000E+09
1.06921000E+09
1.01784000E+09
1.01762000E+09
8.58327000E+08
6.71637000E+08
6.94469000E+08
5.43147000E+08
4.87383000E+08
4.33648000E+08
3.81643000E+08
3.80058000E+08
3.27925000E+08
2.74949000E+08
2.10135000E+08
2.36462000E+08
1.83447000E+08
1.36656000E+08
1.57072000E+08
9.50761000E+07
8.27076000E+07
6.84620000E+07
4.50424000E+07
6.69661000E+07
2.58704000E+07
1.53284000E+07
0.00000000E+00
0.00000000E+00
0.00000000E+00
0.00000000E+00
0.00000000E+00
0.00000000E+00
0.00000000E+00
0.00000000E+00
0.00000000E+00
0.00000000E+00
0.00000000E+00
0.00000000E+00
0.00000000E+00
0.00000000E+00
0.00000000E+00
0.00000000E+00
0.00000000E+00
0.00000000E+00
0.00000000E+00
0.00000000E+00
0.00000000E+00
0.00000000E+00
0.00000000E+00
0.00000000E+00
0.00000000E+00
0.00000000E+00
0.00000000E+00
0.00000000E+00
0.00000000E+00
0.00000000E+00
0.00000000E+00
0.00000000E+00
0.00000000E+00
0.00000000E+00
0.00000000E+00
0.00000000E+00
0.00000000E+00
0.00000000E+00
0.00000000E+00
0.00000000E+00
0.00000000E+00
0.00000000E+00
0.00000000E+00
0.00000000E+00
0.00000000E+00
0.00000000E+00
0.00000000E+00
0.00000000E+00
0.00000000E+00
0.00000000E+00
0.00000000E+00
0.00000000E+00
0.00000000E+00
0.00000000E+00
0.00000000E+00
0.00000000E+00
0.00000000E+00
0.00000000E+00
0.00000000E+00
0.00000000E+00
0.00000000E+00
0.00000000E+00
0.00000000E+00
0.00000000E+00
0.00000000E+00
0.00000000E+00
0.00000000E+00
0.00000000E+00
0.00000000E+00
0.00000000E+00
0.00000000E+00
0.00000000E+00
0.00000000E+00
0.00000000E+00
0.00000000E+00
0.00000000E+00
0.00000000E+00
0.00000000E+00
0.00000000E+00
0.00000000E+00
0.00000000E+00
0.00000000E+00
0.00000000E+00
0.00000000E+00
0.00000000E+00
0.00000000E+00
0.00000000E+00
0.00000000E+00
0.00000000E+00
0.00000000E+00
0.00000000E+00
0.00000000E+00
0.00000000E+00
0.00000000E+00
0.00000000E+00
0.00000000E+00
0.00000000E+00
0.00000000E+00
0.00000000E+00
0.00000000E+00
0.00000000E+00
0.00000000E+00
0.00000000E+00
0.00000000E+00
0.00000000E+00
0.00000000E+00
0.00000000E+00
0.00000000E+00
0.00000000E+00
0.00000000E+00
0.00000000E+00
0.00000000E+00
0.00000000E+00
0.00000000E+00
0.00000000E+00
0.00000000E+00
0.00000000E+00
0.00000000E+00
0.00000000E+00
0.00000000E+00
0.00000000E+00
0.00000000E+00
0.00000000E+00
0.00000000E+00
0.00000000E+00
0.00000000E+00
0.00000000E+00
0.00000000E+00
0.00000000E+00
0.00000000E+00
0.00000000E+00
0.00000000E+00
0.00000000E+00
0.00000000E+00
0.00000000E+00
0.00000000E+00
0.00000000E+00
0.00000000E+00
0.00000000E+00
0.00000000E+00
0.00000000E+00
0.00000000E+00
0.00000000E+00
0.00000000E+00
0.00000000E+00
0.00000000E+00
0.00000000E+00
0.00000000E+00
0.00000000E+00
0.00000000E+00
0.00000000E+00
0.00000000E+00
0.00000000E+00
0.00000000E+00
0.00000000E+00
0.00000000E+00
0.00000000E+00
0.00000000E+00
0.00000000E+00
0.00000000E+00
0.00000000E+00
0.00000000E+00
0.00000000E+00
0.00000000E+00
0.00000000E+00
0.00000000E+00
0.00000000E+00
0.00000000E+00
0.00000000E+00
0.00000000E+00
0.00000000E+00
0.00000000E+00
0.00000000E+00
0.00000000E+00
0.00000000E+00
0.00000000E+00
0.00000000E+00
0.00000000E+00
0.00000000E+00
0.00000000E+00
0.00000000E+00
0.00000000E+00
0.00000000E+00
0.00000000E+00
0.00000000E+00
0.00000000E+00
0.00000000E+00
0.00000000E+00
0.00000000E+00
0.00000000E+00
0.00000000E+00
0.00000000E+00
0.00000000E+00
0.00000000E+00
0.00000000E+00
0.00000000E+00
0.00000000E+00
0.00000000E+00
0.00000000E+00
0.00000000E+00
0.00000000E+00
0.00000000E+00
0.00000000E+00
0.00000000E+00
0.00000000E+00
0.00000000E+00
0.00000000E+00
0.00000000E+00
0.00000000E+00
0.00000000E+00
0.00000000E+00
0.00000000E+00
0.00000000E+00
0.00000000E+00
0.00000000E+00
0.00000000E+00
0.00000000E+00
0.00000000E+00
0.00000000E+00
0.00000000E+00
0.00000000E+00
0.00000000E+00
0.00000000E+00
0.00000000E+00
0.00000000E+00
0.00000000E+00
0.00000000E+00
0.00000000E+00
0.00000000E+00
0.00000000E+00
0.00000000E+00
0.00000000E+00
0.00000000E+00
0.00000000E+00
0.00000000E+00
0.00000000E+00
0.00000000E+00
0.00000000E+00
0.00000000E+00
0.00000000E+00
0.00000000E+00
0.00000000E+00
0.00000000E+00
0.00000000E+00
0.00000000E+00
0.00000000E+00
0.00000000E+00
0.00000000E+00
0.00000000E+00
0.00000000E+00
0.00000000E+00
0.00000000E+00
0.00000000E+00
0.00000000E+00
0.00000000E+00
0.00000000E+00
0.00000000E+00
0.00000000E+00
0.00000000E+00
0.00000000E+00
0.00000000E+00
0.00000000E+00
0.00000000E+00
0.00000000E+00
0.00000000E+00
0.00000000E+00
0.00000000E+00
0.00000000E+00
0.00000000E+00
0.00000000E+00
0.00000000E+00
0.00000000E+00
0.00000000E+00
0.00000000E+00
0.00000000E+00
0.00000000E+00
0.00000000E+00
0.00000000E+00
0.00000000E+00
0.00000000E+00
0.00000000E+00
0.00000000E+00
0.00000000E+00
0.00000000E+00
0.00000000E+00
0.00000000E+00
0.00000000E+00
0.00000000E+00
0.00000000E+00
0.00000000E+00
0.00000000E+00
0.00000000E+00
0.00000000E+00
0.00000000E+00
0.00000000E+00
0.00000000E+00
0.00000000E+00
0.00000000E+00
0.00000000E+00
0.00000000E+00
0.00000000E+00
0.00000000E+00
0.00000000E+00
0.00000000E+00
0.00000000E+00
0.00000000E+00
0.00000000E+00
0.00000000E+00
0.00000000E+00
0.00000000E+00
0.00000000E+00
0.00000000E+00
0.00000000E+00
1.0
hcll_ht.spectrum617
