2.00000000E+07
1.99530000E+07
1.90550000E+07
1.81970000E+07
1.73780000E+07
1.65960000E+07
1.58490000E+07
1.51360000E+07
1.44540000E+07
1.38040000E+07
1.31830000E+07
1.25890000E+07
1.20230000E+07
1.14820000E+07
1.09650000E+07
1.04710000E+07
1.00000000E+07
9.54990000E+06
9.12010000E+06
8.70960000E+06
8.31760000E+06
7.94330000E+06
7.58580000E+06
7.24440000E+06
6.91830000E+06
6.60690000E+06
6.30960000E+06
6.02560000E+06
5.75440000E+06
5.49540000E+06
5.24810000E+06
5.01190000E+06
4.78630000E+06
4.57090000E+06
4.36520000E+06
4.16870000E+06
3.98110000E+06
3.80190000E+06
3.63080000E+06
3.46740000E+06
3.31130000E+06
3.16230000E+06
3.02000000E+06
2.88400000E+06
2.75420000E+06
2.63030000E+06
2.51190000E+06
2.39880000E+06
2.29090000E+06
2.18780000E+06
2.08930000E+06
1.99530000E+06
1.90550000E+06
1.81970000E+06
1.73780000E+06
1.65960000E+06
1.58490000E+06
1.51360000E+06
1.44540000E+06
1.38040000E+06
1.31830000E+06
1.25890000E+06
1.20230000E+06
1.14820000E+06
1.09650000E+06
1.04710000E+06
1.00000000E+06
9.54990000E+05
9.12010000E+05
8.70960000E+05
8.31760000E+05
7.94330000E+05
7.58580000E+05
7.24440000E+05
6.91830000E+05
6.60690000E+05
6.30960000E+05
6.02560000E+05
5.75440000E+05
5.49540000E+05
5.24810000E+05
5.01190000E+05
4.78630000E+05
4.57090000E+05
4.36520000E+05
4.16870000E+05
3.98110000E+05
3.80190000E+05
3.63080000E+05
3.46740000E+05
3.31130000E+05
3.16230000E+05
3.02000000E+05
2.88400000E+05
2.75420000E+05
2.63030000E+05
2.51190000E+05
2.39880000E+05
2.29090000E+05
2.18780000E+05
2.08930000E+05
1.99530000E+05
1.90550000E+05
1.81970000E+05
1.73780000E+05
1.65960000E+05
1.58490000E+05
1.51360000E+05
1.44540000E+05
1.38040000E+05
1.31830000E+05
1.25890000E+05
1.20230000E+05
1.14820000E+05
1.09650000E+05
1.04710000E+05
1.00000000E+05
9.54990000E+04
9.12010000E+04
8.70960000E+04
8.31760000E+04
7.94330000E+04
7.58580000E+04
7.24440000E+04
6.91830000E+04
6.60690000E+04
6.30960000E+04
6.02560000E+04
5.75440000E+04
5.49540000E+04
5.24810000E+04
5.01190000E+04
4.78630000E+04
4.57090000E+04
4.36520000E+04
4.16870000E+04
3.98110000E+04
3.80190000E+04
3.63080000E+04
3.46740000E+04
3.31130000E+04
3.16230000E+04
3.02000000E+04
2.88400000E+04
2.75420000E+04
2.63030000E+04
2.51190000E+04
2.39880000E+04
2.29090000E+04
2.18780000E+04
2.08930000E+04
1.99530000E+04
1.90550000E+04
1.81970000E+04
1.73780000E+04
1.65960000E+04
1.58490000E+04
1.51360000E+04
1.44540000E+04
1.38040000E+04
1.31830000E+04
1.25890000E+04
1.20230000E+04
1.14820000E+04
1.09650000E+04
1.04710000E+04
1.00000000E+04
9.54990000E+03
9.12010000E+03
8.70960000E+03
8.31760000E+03
7.94330000E+03
7.58580000E+03
7.24440000E+03
6.91830000E+03
6.60690000E+03
6.30960000E+03
6.02560000E+03
5.75440000E+03
5.49540000E+03
5.24810000E+03
5.01190000E+03
4.78630000E+03
4.57090000E+03
4.36520000E+03
4.16870000E+03
3.98110000E+03
3.80190000E+03
3.63080000E+03
3.46740000E+03
3.31130000E+03
3.16230000E+03
3.01990000E+03
2.88400000E+03
2.75420000E+03
2.63030000E+03
2.51190000E+03
2.39880000E+03
2.29090000E+03
2.18780000E+03
2.08930000E+03
1.99530000E+03
1.90550000E+03
1.81970000E+03
1.73780000E+03
1.65960000E+03
1.58490000E+03
1.51360000E+03
1.44540000E+03
1.38040000E+03
1.31830000E+03
1.25890000E+03
1.20230000E+03
1.14810000E+03
1.09650000E+03
1.04710000E+03
1.00000000E+03
9.54990000E+02
9.12010000E+02
8.70960000E+02
8.31760000E+02
7.94330000E+02
7.58580000E+02
7.24440000E+02
6.91830000E+02
6.60690000E+02
6.30960000E+02
6.02560000E+02
5.75440000E+02
5.49540000E+02
5.24810000E+02
5.01190000E+02
4.78630000E+02
4.57090000E+02
4.36520000E+02
4.16870000E+02
3.98110000E+02
3.80190000E+02
3.63080000E+02
3.46740000E+02
3.31130000E+02
3.16230000E+02
3.01990000E+02
2.88400000E+02
2.75420000E+02
2.63030000E+02
2.51190000E+02
2.39880000E+02
2.29090000E+02
2.18780000E+02
2.08930000E+02
1.99530000E+02
1.90550000E+02
1.81970000E+02
1.73780000E+02
1.65960000E+02
1.58490000E+02
1.51360000E+02
1.44540000E+02
1.38040000E+02
1.31830000E+02
1.25890000E+02
1.20230000E+02
1.14820000E+02
1.09650000E+02
1.04710000E+02
1.00000000E+02
9.54990000E+01
9.12010000E+01
8.70960000E+01
8.31760000E+01
7.94330000E+01
7.58580000E+01
7.24440000E+01
6.91830000E+01
6.60690000E+01
6.30960000E+01
6.02560000E+01
5.75440000E+01
5.49540000E+01
5.24810000E+01
5.01190000E+01
4.78630000E+01
4.57090000E+01
4.36520000E+01
4.16870000E+01
3.98110000E+01
3.80190000E+01
3.63080000E+01
3.46740000E+01
3.31130000E+01
3.16230000E+01
3.02000000E+01
2.88400000E+01
2.75420000E+01
2.63030000E+01
2.51190000E+01
2.39880000E+01
2.29090000E+01
2.18780000E+01
2.08930000E+01
1.99530000E+01
1.90550000E+01
1.81970000E+01
1.73780000E+01
1.65960000E+01
1.58490000E+01
1.51360000E+01
1.44540000E+01
1.38040000E+01
1.31830000E+01
1.25890000E+01
1.20230000E+01
1.14820000E+01
1.09650000E+01
1.04710000E+01
1.00000000E+01
9.54990000E+00
9.12010000E+00
8.70960000E+00
8.31760000E+00
7.94330000E+00
7.58580000E+00
7.24440000E+00
6.91830000E+00
6.60690000E+00
6.30960000E+00
6.02560000E+00
5.75440000E+00
5.49540000E+00
5.24810000E+00
5.01190000E+00
4.78630000E+00
4.57090000E+00
4.36520000E+00
4.16870000E+00
3.98110000E+00
3.80190000E+00
3.63080000E+00
3.46740000E+00
3.31130000E+00
3.16230000E+00
3.02000000E+00
2.88400000E+00
2.75420000E+00
2.63030000E+00
2.51190000E+00
2.39880000E+00
2.29090000E+00
2.18780000E+00
2.08930000E+00
1.99530000E+00
1.90550000E+00
1.81970000E+00
1.73780000E+00
1.65960000E+00
1.58490000E+00
1.51360000E+00
1.44540000E+00
1.38040000E+00
1.31830000E+00
1.25890000E+00
1.20230000E+00
1.14810000E+00
1.09650000E+00
1.04710000E+00
1.00000000E+00
9.54990000E-01
9.12010000E-01
8.70960000E-01
8.31760000E-01
7.94330000E-01
7.58580000E-01
7.24440000E-01
6.91830000E-01
6.60690000E-01
6.30960000E-01
6.02560000E-01
5.75440000E-01
5.49540000E-01
5.24810000E-01
5.01190000E-01
4.78630000E-01
4.57090000E-01
4.36520000E-01
4.16870000E-01
3.98110000E-01
3.80190000E-01
3.63080000E-01
3.46740000E-01
3.31130000E-01
3.16230000E-01
3.01990000E-01
2.88400000E-01
2.75420000E-01
2.63030000E-01
2.51190000E-01
2.39880000E-01
2.29090000E-01
2.18780000E-01
2.08930000E-01
1.99530000E-01
1.90550000E-01
1.81970000E-01
1.73780000E-01
1.65960000E-01
1.58490000E-01
1.51360000E-01
1.44540000E-01
1.38040000E-01
1.31830000E-01
1.25890000E-01
1.20230000E-01
1.14810000E-01
1.09650000E-01
1.04710000E-01
1.00000000E-01
9.54990000E-02
9.12010000E-02
8.70960000E-02
8.31760000E-02
7.94330000E-02
7.58580000E-02
7.24440000E-02
6.91830000E-02
6.60690000E-02
6.30960000E-02
6.02560000E-02
5.75440000E-02
5.49540000E-02
5.24810000E-02
5.01190000E-02
4.78630000E-02
4.57090000E-02
4.36520000E-02
4.16870000E-02
3.98110000E-02
3.80190000E-02
3.63080000E-02
3.46740000E-02
3.31130000E-02
3.16230000E-02
3.01990000E-02
2.88400000E-02
2.75420000E-02
2.63030000E-02
2.51190000E-02
2.39880000E-02
2.29090000E-02
2.18780000E-02
2.08930000E-02
1.99530000E-02
1.90550000E-02
1.81970000E-02
1.73780000E-02
1.65960000E-02
1.58490000E-02
1.51360000E-02
1.44540000E-02
1.38040000E-02
1.31830000E-02
1.25890000E-02
1.20230000E-02
1.14810000E-02
1.09650000E-02
1.04710000E-02
1.00000000E-02
9.54990000E-03
9.12010000E-03
8.70960000E-03
8.31760000E-03
7.94330000E-03
7.58580000E-03
7.24440000E-03
6.91830000E-03
6.60690000E-03
6.30960000E-03
6.02560000E-03
5.75440000E-03
5.49540000E-03
5.24810000E-03
5.01190000E-03
4.78630000E-03
4.57090000E-03
4.36520000E-03
4.16870000E-03
3.98110000E-03
3.80190000E-03
3.63080000E-03
3.46740000E-03
3.31130000E-03
3.16230000E-03
3.02000000E-03
2.88400000E-03
2.75420000E-03
2.63030000E-03
2.51190000E-03
2.39880000E-03
2.29090000E-03
2.18780000E-03
2.08930000E-03
1.99530000E-03
1.90550000E-03
1.81970000E-03
1.73780000E-03
1.65960000E-03
1.58490000E-03
1.51360000E-03
1.44540000E-03
1.38040000E-03
1.31830000E-03
1.25890000E-03
1.20230000E-03
1.14820000E-03
1.09650000E-03
1.04710000E-03
1.00000000E-03
9.54990000E-04
9.12010000E-04
8.70960000E-04
8.31760000E-04
7.94330000E-04
7.58580000E-04
7.24440000E-04
6.91830000E-04
6.60690000E-04
6.30960000E-04
6.02560000E-04
5.75440000E-04
5.49540000E-04
5.24810000E-04
5.01190000E-04
4.78630000E-04
4.57090000E-04
4.36520000E-04
4.16870000E-04
3.98110000E-04
3.80190000E-04
3.63080000E-04
3.46740000E-04
3.31130000E-04
3.16230000E-04
3.01990000E-04
2.88400000E-04
2.75420000E-04
2.63030000E-04
2.51190000E-04
2.39880000E-04
2.29090000E-04
2.18780000E-04
2.08930000E-04
1.99530000E-04
1.90550000E-04
1.81970000E-04
1.73780000E-04
1.65960000E-04
1.58490000E-04
1.51360000E-04
1.44540000E-04
1.38040000E-04
1.31830000E-04
1.25890000E-04
1.20230000E-04
1.14820000E-04
1.09650000E-04
1.04710000E-04
1.00000000E-04
9.54990000E-05
9.12010000E-05
8.70960000E-05
8.31760000E-05
7.94330000E-05
7.58580000E-05
7.24440000E-05
6.91830000E-05
6.60690000E-05
6.30960000E-05
6.02560000E-05
5.75440000E-05
5.49540000E-05
5.24810000E-05
5.01190000E-05
4.78630000E-05
4.57090000E-05
4.36520000E-05
4.16870000E-05
3.98110000E-05
3.80190000E-05
3.63080000E-05
3.46740000E-05
3.31130000E-05
3.16230000E-05
3.01990000E-05
2.88400000E-05
2.75420000E-05
2.63030000E-05
2.51190000E-05
2.39880000E-05
2.29090000E-05
2.18780000E-05
2.08930000E-05
1.99530000E-05
1.90550000E-05
1.81970000E-05
1.73780000E-05
1.65960000E-05
1.58490000E-05
1.51360000E-05
1.44540000E-05
1.38040000E-05
1.31830000E-05
1.25890000E-05
1.20230000E-05
1.14820000E-05
1.09650000E-05
1.04710000E-05
1.00000000E-05
 
0.00000000E+00
0.00000000E+00
0.00000000E+00
0.00000000E+00
0.00000000E+00
0.00000000E+00
0.00000000E+00
4.03287000E+06
8.52583000E+07
7.36732000E+07
2.61802000E+07
1.42372000E+07
1.20044000E+07
1.23890000E+07
8.83341000E+06
8.00954000E+06
9.58517000E+06
1.10218000E+07
8.58845000E+06
9.04275000E+06
9.84226000E+06
8.29814000E+06
7.54899000E+06
9.88067000E+06
9.36405000E+06
9.36713000E+06
8.71477000E+06
8.06461000E+06
7.80366000E+06
9.59040000E+06
1.05903000E+07
1.00166000E+07
9.92327000E+06
9.69012000E+06
9.97906000E+06
9.26806000E+06
1.03998000E+07
9.66621000E+06
1.18769000E+07
1.07971000E+07
1.22742000E+07
1.75436000E+07
1.63809000E+07
1.63267000E+07
2.03433000E+07
1.92491000E+07
2.41704000E+07
3.04967000E+07
3.06102000E+07
3.25218000E+07
3.26003000E+07
3.15532000E+07
3.51632000E+07
4.27842000E+07
4.47707000E+07
4.57516000E+07
5.10726000E+07
5.77763000E+07
6.35176000E+07
6.11205000E+07
5.67794000E+07
7.70058000E+07
9.99489000E+07
9.68701000E+07
8.04883000E+07
6.82073000E+07
6.26289000E+07
9.77664000E+07
9.98937000E+07
1.17221000E+08
1.14836000E+08
1.14681000E+08
1.22022000E+08
1.36838000E+08
1.22369000E+08
1.62130000E+08
1.61896000E+08
1.82005000E+08
1.63378000E+08
1.46606000E+08
1.36549000E+08
1.28209000E+08
1.13965000E+08
9.64754000E+07
8.54591000E+07
9.81788000E+07
9.23703000E+07
1.08395000E+08
1.18033000E+08
1.14566000E+08
1.08548000E+08
1.39613000E+08
1.15552000E+08
9.76302000E+07
1.35007000E+08
1.04941000E+08
9.74271000E+07
9.87570000E+07
1.01696000E+08
8.62330000E+07
9.80276000E+07
8.26383000E+07
9.62726000E+07
9.96202000E+07
7.97758000E+07
7.40454000E+07
9.89491000E+07
7.55387000E+07
6.33336000E+07
1.22004000E+08
8.72563000E+07
7.85146000E+07
8.18350000E+07
6.89884000E+07
7.35358000E+07
7.13871000E+07
5.97309000E+07
8.34733000E+07
7.60222000E+07
6.23799000E+07
7.82914000E+07
7.07930000E+07
6.14620000E+07
6.65922000E+07
5.93168000E+07
4.99962000E+07
8.53901000E+07
8.67830000E+07
6.97403000E+07
5.98384000E+07
4.99637000E+07
6.95099000E+07
7.11679000E+07
6.46091000E+07
6.17034000E+07
6.06215000E+07
6.01373000E+07
5.80928000E+07
5.92915000E+07
5.74057000E+07
5.26585000E+07
5.23837000E+07
4.24754000E+07
3.91630000E+07
6.74366000E+07
7.57436000E+07
6.50566000E+07
5.73400000E+07
5.71660000E+07
5.55177000E+07
5.40477000E+07
5.27166000E+07
4.96232000E+07
4.62460000E+07
4.18795000E+07
3.30945000E+07
2.68777000E+07
4.74225000E+07
7.13929000E+07
5.76918000E+07
4.89974000E+07
5.11981000E+07
6.40649000E+07
7.23794000E+07
7.00230000E+07
6.54336000E+07
6.08091000E+07
5.53558000E+07
5.37430000E+07
4.81236000E+07
4.65219000E+07
4.95990000E+07
5.38548000E+07
5.68377000E+07
5.47862000E+07
5.36490000E+07
5.27522000E+07
4.91976000E+07
4.40282000E+07
5.01674000E+07
4.91427000E+07
4.91177000E+07
4.86914000E+07
4.98033000E+07
5.11213000E+07
5.31015000E+07
5.35560000E+07
5.66957000E+07
5.82389000E+07
5.88880000E+07
5.74087000E+07
5.58448000E+07
5.66642000E+07
5.49617000E+07
5.57993000E+07
5.59217000E+07
5.40141000E+07
5.53816000E+07
5.55100000E+07
5.67698000E+07
5.61606000E+07
5.66171000E+07
5.56326000E+07
5.60861000E+07
5.54498000E+07
5.35302000E+07
5.40637000E+07
5.46940000E+07
5.60658000E+07
5.56052000E+07
5.59946000E+07
5.60959000E+07
5.41646000E+07
5.53320000E+07
5.45181000E+07
5.52240000E+07
5.72478000E+07
5.58806000E+07
5.57427000E+07
5.69650000E+07
5.64074000E+07
5.66354000E+07
5.58113000E+07
5.66983000E+07
5.52472000E+07
5.66096000E+07
5.64514000E+07
5.66590000E+07
5.71501000E+07
5.80035000E+07
5.79654000E+07
5.61506000E+07
5.52001000E+07
5.76579000E+07
5.66379000E+07
5.60993000E+07
5.71008000E+07
5.28049000E+07
5.72784000E+07
5.43620000E+07
5.55548000E+07
5.55541000E+07
5.72239000E+07
5.73877000E+07
5.72732000E+07
5.64943000E+07
5.73838000E+07
5.77843000E+07
5.76267000E+07
5.83251000E+07
5.79799000E+07
5.61142000E+07
5.76873000E+07
5.71464000E+07
5.84192000E+07
5.76592000E+07
5.76796000E+07
5.76879000E+07
5.79958000E+07
5.65312000E+07
5.72117000E+07
5.78712000E+07
5.73871000E+07
5.84029000E+07
5.86560000E+07
5.83710000E+07
5.75047000E+07
5.91171000E+07
5.80438000E+07
5.88917000E+07
5.85387000E+07
5.73453000E+07
5.91899000E+07
5.82696000E+07
5.88412000E+07
5.94121000E+07
5.89140000E+07
6.00290000E+07
5.77341000E+07
5.98910000E+07
5.94273000E+07
5.92598000E+07
5.93824000E+07
4.69431000E+07
5.56857000E+07
5.72461000E+07
5.99565000E+07
5.87569000E+07
5.80726000E+07
5.95159000E+07
5.91968000E+07
5.82897000E+07
6.01442000E+07
6.11767000E+07
6.02942000E+07
5.98965000E+07
5.91700000E+07
5.93026000E+07
5.94780000E+07
6.06661000E+07
5.99810000E+07
5.83950000E+07
5.77416000E+07
5.97234000E+07
5.92907000E+07
5.94354000E+07
6.03162000E+07
5.96832000E+07
6.08397000E+07
6.08072000E+07
5.98213000E+07
6.18632000E+07
5.90569000E+07
6.04758000E+07
6.11966000E+07
6.04413000E+07
6.15225000E+07
6.10488000E+07
6.12273000E+07
6.03259000E+07
6.09499000E+07
6.10647000E+07
6.14549000E+07
6.00570000E+07
6.13110000E+07
6.14334000E+07
6.09022000E+07
6.14791000E+07
6.18536000E+07
6.16774000E+07
6.15166000E+07
6.39296000E+07
6.11189000E+07
6.15268000E+07
6.05661000E+07
5.90402000E+07
6.04640000E+07
6.11216000E+07
6.03515000E+07
6.15858000E+07
6.07633000E+07
6.06162000E+07
6.10819000E+07
6.13122000E+07
6.10922000E+07
6.13017000E+07
6.12547000E+07
5.99040000E+07
5.99376000E+07
5.92260000E+07
5.96598000E+07
6.13063000E+07
6.14477000E+07
6.08272000E+07
6.21156000E+07
6.06547000E+07
6.12220000E+07
6.00096000E+07
6.06825000E+07
6.22565000E+07
6.02856000E+07
5.88393000E+07
6.18305000E+07
5.99922000E+07
5.97841000E+07
5.97479000E+07
6.11272000E+07
6.08211000E+07
5.97170000E+07
6.07811000E+07
6.11102000E+07
6.00994000E+07
6.02486000E+07
6.08029000E+07
6.07473000E+07
6.08964000E+07
5.99060000E+07
6.10094000E+07
5.96968000E+07
6.09020000E+07
6.00581000E+07
6.24391000E+07
6.05361000E+07
6.04180000E+07
6.12485000E+07
5.96124000E+07
6.13211000E+07
5.96004000E+07
6.10499000E+07
6.05424000E+07
6.02844000E+07
6.17307000E+07
6.13320000E+07
6.12278000E+07
6.17731000E+07
6.16645000E+07
6.21455000E+07
6.31559000E+07
6.39041000E+07
6.61923000E+07
6.73617000E+07
6.78673000E+07
6.96193000E+07
7.02256000E+07
7.37540000E+07
7.65425000E+07
7.80822000E+07
8.14714000E+07
8.55871000E+07
8.84192000E+07
9.27965000E+07
9.65401000E+07
9.89926000E+07
1.01619000E+08
1.04438000E+08
1.07800000E+08
1.12215000E+08
1.13285000E+08
1.18037000E+08
1.20669000E+08
1.22281000E+08
1.24928000E+08
1.26776000E+08
1.26857000E+08
1.26613000E+08
1.26627000E+08
1.26789000E+08
1.26105000E+08
1.24022000E+08
1.22927000E+08
1.20102000E+08
1.17517000E+08
1.15851000E+08
1.13458000E+08
1.10218000E+08
1.07600000E+08
1.02415000E+08
1.00450000E+08
9.49610000E+07
9.21141000E+07
8.88544000E+07
8.44690000E+07
8.09637000E+07
7.67506000E+07
7.33832000E+07
7.08749000E+07
6.59003000E+07
6.22439000E+07
5.84897000E+07
5.47342000E+07
5.18600000E+07
4.92085000E+07
4.58871000E+07
4.30970000E+07
0.00000000E+00
0.00000000E+00
0.00000000E+00
0.00000000E+00
0.00000000E+00
0.00000000E+00
0.00000000E+00
0.00000000E+00
0.00000000E+00
0.00000000E+00
0.00000000E+00
0.00000000E+00
0.00000000E+00
0.00000000E+00
0.00000000E+00
0.00000000E+00
0.00000000E+00
0.00000000E+00
0.00000000E+00
0.00000000E+00
0.00000000E+00
0.00000000E+00
0.00000000E+00
0.00000000E+00
0.00000000E+00
0.00000000E+00
0.00000000E+00
0.00000000E+00
0.00000000E+00
0.00000000E+00
0.00000000E+00
0.00000000E+00
0.00000000E+00
0.00000000E+00
0.00000000E+00
0.00000000E+00
0.00000000E+00
0.00000000E+00
0.00000000E+00
0.00000000E+00
0.00000000E+00
0.00000000E+00
0.00000000E+00
0.00000000E+00
0.00000000E+00
0.00000000E+00
0.00000000E+00
0.00000000E+00
0.00000000E+00
0.00000000E+00
0.00000000E+00
0.00000000E+00
0.00000000E+00
0.00000000E+00
0.00000000E+00
0.00000000E+00
0.00000000E+00
0.00000000E+00
0.00000000E+00
0.00000000E+00
0.00000000E+00
0.00000000E+00
0.00000000E+00
0.00000000E+00
0.00000000E+00
0.00000000E+00
0.00000000E+00
0.00000000E+00
0.00000000E+00
0.00000000E+00
0.00000000E+00
0.00000000E+00
0.00000000E+00
0.00000000E+00
0.00000000E+00
0.00000000E+00
0.00000000E+00
0.00000000E+00
0.00000000E+00
0.00000000E+00
0.00000000E+00
0.00000000E+00
0.00000000E+00
0.00000000E+00
0.00000000E+00
0.00000000E+00
0.00000000E+00
0.00000000E+00
0.00000000E+00
0.00000000E+00
0.00000000E+00
0.00000000E+00
0.00000000E+00
0.00000000E+00
0.00000000E+00
0.00000000E+00
0.00000000E+00
0.00000000E+00
0.00000000E+00
0.00000000E+00
0.00000000E+00
0.00000000E+00
0.00000000E+00
0.00000000E+00
0.00000000E+00
0.00000000E+00
0.00000000E+00
0.00000000E+00
0.00000000E+00
0.00000000E+00
0.00000000E+00
0.00000000E+00
0.00000000E+00
0.00000000E+00
0.00000000E+00
0.00000000E+00
0.00000000E+00
0.00000000E+00
0.00000000E+00
0.00000000E+00
0.00000000E+00
0.00000000E+00
0.00000000E+00
0.00000000E+00
0.00000000E+00
0.00000000E+00
0.00000000E+00
0.00000000E+00
0.00000000E+00
0.00000000E+00
0.00000000E+00
0.00000000E+00
0.00000000E+00
0.00000000E+00
0.00000000E+00
0.00000000E+00
0.00000000E+00
0.00000000E+00
0.00000000E+00
0.00000000E+00
0.00000000E+00
0.00000000E+00
0.00000000E+00
0.00000000E+00
0.00000000E+00
0.00000000E+00
0.00000000E+00
0.00000000E+00
0.00000000E+00
0.00000000E+00
0.00000000E+00
0.00000000E+00
0.00000000E+00
0.00000000E+00
0.00000000E+00
0.00000000E+00
0.00000000E+00
0.00000000E+00
0.00000000E+00
0.00000000E+00
0.00000000E+00
0.00000000E+00
1.0
wcll_169.spectrum617
