2.00000000E+07
1.99530000E+07
1.90550000E+07
1.81970000E+07
1.73780000E+07
1.65960000E+07
1.58490000E+07
1.51360000E+07
1.44540000E+07
1.38040000E+07
1.31830000E+07
1.25890000E+07
1.20230000E+07
1.14820000E+07
1.09650000E+07
1.04710000E+07
1.00000000E+07
9.54990000E+06
9.12010000E+06
8.70960000E+06
8.31760000E+06
7.94330000E+06
7.58580000E+06
7.24440000E+06
6.91830000E+06
6.60690000E+06
6.30960000E+06
6.02560000E+06
5.75440000E+06
5.49540000E+06
5.24810000E+06
5.01190000E+06
4.78630000E+06
4.57090000E+06
4.36520000E+06
4.16870000E+06
3.98110000E+06
3.80190000E+06
3.63080000E+06
3.46740000E+06
3.31130000E+06
3.16230000E+06
3.02000000E+06
2.88400000E+06
2.75420000E+06
2.63030000E+06
2.51190000E+06
2.39880000E+06
2.29090000E+06
2.18780000E+06
2.08930000E+06
1.99530000E+06
1.90550000E+06
1.81970000E+06
1.73780000E+06
1.65960000E+06
1.58490000E+06
1.51360000E+06
1.44540000E+06
1.38040000E+06
1.31830000E+06
1.25890000E+06
1.20230000E+06
1.14820000E+06
1.09650000E+06
1.04710000E+06
1.00000000E+06
9.54990000E+05
9.12010000E+05
8.70960000E+05
8.31760000E+05
7.94330000E+05
7.58580000E+05
7.24440000E+05
6.91830000E+05
6.60690000E+05
6.30960000E+05
6.02560000E+05
5.75440000E+05
5.49540000E+05
5.24810000E+05
5.01190000E+05
4.78630000E+05
4.57090000E+05
4.36520000E+05
4.16870000E+05
3.98110000E+05
3.80190000E+05
3.63080000E+05
3.46740000E+05
3.31130000E+05
3.16230000E+05
3.02000000E+05
2.88400000E+05
2.75420000E+05
2.63030000E+05
2.51190000E+05
2.39880000E+05
2.29090000E+05
2.18780000E+05
2.08930000E+05
1.99530000E+05
1.90550000E+05
1.81970000E+05
1.73780000E+05
1.65960000E+05
1.58490000E+05
1.51360000E+05
1.44540000E+05
1.38040000E+05
1.31830000E+05
1.25890000E+05
1.20230000E+05
1.14820000E+05
1.09650000E+05
1.04710000E+05
1.00000000E+05
9.54990000E+04
9.12010000E+04
8.70960000E+04
8.31760000E+04
7.94330000E+04
7.58580000E+04
7.24440000E+04
6.91830000E+04
6.60690000E+04
6.30960000E+04
6.02560000E+04
5.75440000E+04
5.49540000E+04
5.24810000E+04
5.01190000E+04
4.78630000E+04
4.57090000E+04
4.36520000E+04
4.16870000E+04
3.98110000E+04
3.80190000E+04
3.63080000E+04
3.46740000E+04
3.31130000E+04
3.16230000E+04
3.02000000E+04
2.88400000E+04
2.75420000E+04
2.63030000E+04
2.51190000E+04
2.39880000E+04
2.29090000E+04
2.18780000E+04
2.08930000E+04
1.99530000E+04
1.90550000E+04
1.81970000E+04
1.73780000E+04
1.65960000E+04
1.58490000E+04
1.51360000E+04
1.44540000E+04
1.38040000E+04
1.31830000E+04
1.25890000E+04
1.20230000E+04
1.14820000E+04
1.09650000E+04
1.04710000E+04
1.00000000E+04
9.54990000E+03
9.12010000E+03
8.70960000E+03
8.31760000E+03
7.94330000E+03
7.58580000E+03
7.24440000E+03
6.91830000E+03
6.60690000E+03
6.30960000E+03
6.02560000E+03
5.75440000E+03
5.49540000E+03
5.24810000E+03
5.01190000E+03
4.78630000E+03
4.57090000E+03
4.36520000E+03
4.16870000E+03
3.98110000E+03
3.80190000E+03
3.63080000E+03
3.46740000E+03
3.31130000E+03
3.16230000E+03
3.01990000E+03
2.88400000E+03
2.75420000E+03
2.63030000E+03
2.51190000E+03
2.39880000E+03
2.29090000E+03
2.18780000E+03
2.08930000E+03
1.99530000E+03
1.90550000E+03
1.81970000E+03
1.73780000E+03
1.65960000E+03
1.58490000E+03
1.51360000E+03
1.44540000E+03
1.38040000E+03
1.31830000E+03
1.25890000E+03
1.20230000E+03
1.14810000E+03
1.09650000E+03
1.04710000E+03
1.00000000E+03
9.54990000E+02
9.12010000E+02
8.70960000E+02
8.31760000E+02
7.94330000E+02
7.58580000E+02
7.24440000E+02
6.91830000E+02
6.60690000E+02
6.30960000E+02
6.02560000E+02
5.75440000E+02
5.49540000E+02
5.24810000E+02
5.01190000E+02
4.78630000E+02
4.57090000E+02
4.36520000E+02
4.16870000E+02
3.98110000E+02
3.80190000E+02
3.63080000E+02
3.46740000E+02
3.31130000E+02
3.16230000E+02
3.01990000E+02
2.88400000E+02
2.75420000E+02
2.63030000E+02
2.51190000E+02
2.39880000E+02
2.29090000E+02
2.18780000E+02
2.08930000E+02
1.99530000E+02
1.90550000E+02
1.81970000E+02
1.73780000E+02
1.65960000E+02
1.58490000E+02
1.51360000E+02
1.44540000E+02
1.38040000E+02
1.31830000E+02
1.25890000E+02
1.20230000E+02
1.14820000E+02
1.09650000E+02
1.04710000E+02
1.00000000E+02
9.54990000E+01
9.12010000E+01
8.70960000E+01
8.31760000E+01
7.94330000E+01
7.58580000E+01
7.24440000E+01
6.91830000E+01
6.60690000E+01
6.30960000E+01
6.02560000E+01
5.75440000E+01
5.49540000E+01
5.24810000E+01
5.01190000E+01
4.78630000E+01
4.57090000E+01
4.36520000E+01
4.16870000E+01
3.98110000E+01
3.80190000E+01
3.63080000E+01
3.46740000E+01
3.31130000E+01
3.16230000E+01
3.02000000E+01
2.88400000E+01
2.75420000E+01
2.63030000E+01
2.51190000E+01
2.39880000E+01
2.29090000E+01
2.18780000E+01
2.08930000E+01
1.99530000E+01
1.90550000E+01
1.81970000E+01
1.73780000E+01
1.65960000E+01
1.58490000E+01
1.51360000E+01
1.44540000E+01
1.38040000E+01
1.31830000E+01
1.25890000E+01
1.20230000E+01
1.14820000E+01
1.09650000E+01
1.04710000E+01
1.00000000E+01
9.54990000E+00
9.12010000E+00
8.70960000E+00
8.31760000E+00
7.94330000E+00
7.58580000E+00
7.24440000E+00
6.91830000E+00
6.60690000E+00
6.30960000E+00
6.02560000E+00
5.75440000E+00
5.49540000E+00
5.24810000E+00
5.01190000E+00
4.78630000E+00
4.57090000E+00
4.36520000E+00
4.16870000E+00
3.98110000E+00
3.80190000E+00
3.63080000E+00
3.46740000E+00
3.31130000E+00
3.16230000E+00
3.02000000E+00
2.88400000E+00
2.75420000E+00
2.63030000E+00
2.51190000E+00
2.39880000E+00
2.29090000E+00
2.18780000E+00
2.08930000E+00
1.99530000E+00
1.90550000E+00
1.81970000E+00
1.73780000E+00
1.65960000E+00
1.58490000E+00
1.51360000E+00
1.44540000E+00
1.38040000E+00
1.31830000E+00
1.25890000E+00
1.20230000E+00
1.14810000E+00
1.09650000E+00
1.04710000E+00
1.00000000E+00
9.54990000E-01
9.12010000E-01
8.70960000E-01
8.31760000E-01
7.94330000E-01
7.58580000E-01
7.24440000E-01
6.91830000E-01
6.60690000E-01
6.30960000E-01
6.02560000E-01
5.75440000E-01
5.49540000E-01
5.24810000E-01
5.01190000E-01
4.78630000E-01
4.57090000E-01
4.36520000E-01
4.16870000E-01
3.98110000E-01
3.80190000E-01
3.63080000E-01
3.46740000E-01
3.31130000E-01
3.16230000E-01
3.01990000E-01
2.88400000E-01
2.75420000E-01
2.63030000E-01
2.51190000E-01
2.39880000E-01
2.29090000E-01
2.18780000E-01
2.08930000E-01
1.99530000E-01
1.90550000E-01
1.81970000E-01
1.73780000E-01
1.65960000E-01
1.58490000E-01
1.51360000E-01
1.44540000E-01
1.38040000E-01
1.31830000E-01
1.25890000E-01
1.20230000E-01
1.14810000E-01
1.09650000E-01
1.04710000E-01
1.00000000E-01
9.54990000E-02
9.12010000E-02
8.70960000E-02
8.31760000E-02
7.94330000E-02
7.58580000E-02
7.24440000E-02
6.91830000E-02
6.60690000E-02
6.30960000E-02
6.02560000E-02
5.75440000E-02
5.49540000E-02
5.24810000E-02
5.01190000E-02
4.78630000E-02
4.57090000E-02
4.36520000E-02
4.16870000E-02
3.98110000E-02
3.80190000E-02
3.63080000E-02
3.46740000E-02
3.31130000E-02
3.16230000E-02
3.01990000E-02
2.88400000E-02
2.75420000E-02
2.63030000E-02
2.51190000E-02
2.39880000E-02
2.29090000E-02
2.18780000E-02
2.08930000E-02
1.99530000E-02
1.90550000E-02
1.81970000E-02
1.73780000E-02
1.65960000E-02
1.58490000E-02
1.51360000E-02
1.44540000E-02
1.38040000E-02
1.31830000E-02
1.25890000E-02
1.20230000E-02
1.14810000E-02
1.09650000E-02
1.04710000E-02
1.00000000E-02
9.54990000E-03
9.12010000E-03
8.70960000E-03
8.31760000E-03
7.94330000E-03
7.58580000E-03
7.24440000E-03
6.91830000E-03
6.60690000E-03
6.30960000E-03
6.02560000E-03
5.75440000E-03
5.49540000E-03
5.24810000E-03
5.01190000E-03
4.78630000E-03
4.57090000E-03
4.36520000E-03
4.16870000E-03
3.98110000E-03
3.80190000E-03
3.63080000E-03
3.46740000E-03
3.31130000E-03
3.16230000E-03
3.02000000E-03
2.88400000E-03
2.75420000E-03
2.63030000E-03
2.51190000E-03
2.39880000E-03
2.29090000E-03
2.18780000E-03
2.08930000E-03
1.99530000E-03
1.90550000E-03
1.81970000E-03
1.73780000E-03
1.65960000E-03
1.58490000E-03
1.51360000E-03
1.44540000E-03
1.38040000E-03
1.31830000E-03
1.25890000E-03
1.20230000E-03
1.14820000E-03
1.09650000E-03
1.04710000E-03
1.00000000E-03
9.54990000E-04
9.12010000E-04
8.70960000E-04
8.31760000E-04
7.94330000E-04
7.58580000E-04
7.24440000E-04
6.91830000E-04
6.60690000E-04
6.30960000E-04
6.02560000E-04
5.75440000E-04
5.49540000E-04
5.24810000E-04
5.01190000E-04
4.78630000E-04
4.57090000E-04
4.36520000E-04
4.16870000E-04
3.98110000E-04
3.80190000E-04
3.63080000E-04
3.46740000E-04
3.31130000E-04
3.16230000E-04
3.01990000E-04
2.88400000E-04
2.75420000E-04
2.63030000E-04
2.51190000E-04
2.39880000E-04
2.29090000E-04
2.18780000E-04
2.08930000E-04
1.99530000E-04
1.90550000E-04
1.81970000E-04
1.73780000E-04
1.65960000E-04
1.58490000E-04
1.51360000E-04
1.44540000E-04
1.38040000E-04
1.31830000E-04
1.25890000E-04
1.20230000E-04
1.14820000E-04
1.09650000E-04
1.04710000E-04
1.00000000E-04
9.54990000E-05
9.12010000E-05
8.70960000E-05
8.31760000E-05
7.94330000E-05
7.58580000E-05
7.24440000E-05
6.91830000E-05
6.60690000E-05
6.30960000E-05
6.02560000E-05
5.75440000E-05
5.49540000E-05
5.24810000E-05
5.01190000E-05
4.78630000E-05
4.57090000E-05
4.36520000E-05
4.16870000E-05
3.98110000E-05
3.80190000E-05
3.63080000E-05
3.46740000E-05
3.31130000E-05
3.16230000E-05
3.01990000E-05
2.88400000E-05
2.75420000E-05
2.63030000E-05
2.51190000E-05
2.39880000E-05
2.29090000E-05
2.18780000E-05
2.08930000E-05
1.99530000E-05
1.90550000E-05
1.81970000E-05
1.73780000E-05
1.65960000E-05
1.58490000E-05
1.51360000E-05
1.44540000E-05
1.38040000E-05
1.31830000E-05
1.25890000E-05
1.20230000E-05
1.14820000E-05
1.09650000E-05
1.04710000E-05
1.00000000E-05
 
0.00000000E+00
0.00000000E+00
0.00000000E+00
0.00000000E+00
0.00000000E+00
0.00000000E+00
0.00000000E+00
5.67427000E+06
1.04715000E+08
7.60605000E+07
2.48716000E+07
1.14485000E+07
7.52820000E+06
6.48712000E+06
4.67566000E+06
4.74743000E+06
5.70733000E+06
7.88827000E+06
5.65668000E+06
8.70603000E+06
6.61500000E+06
8.52677000E+06
4.91382000E+06
5.18649000E+06
5.70041000E+06
6.77323000E+06
7.83889000E+06
7.45307000E+06
6.16894000E+06
6.21057000E+06
8.64427000E+06
9.20947000E+06
1.09552000E+07
1.08770000E+07
9.78253000E+06
1.12662000E+07
1.53997000E+07
1.66214000E+07
1.71796000E+07
2.17793000E+07
1.93813000E+07
2.82210000E+07
2.91745000E+07
3.73378000E+07
5.33205000E+07
5.05692000E+07
6.59590000E+07
8.85213000E+07
1.09446000E+08
1.23062000E+08
1.36595000E+08
1.75472000E+08
2.53546000E+08
3.37416000E+08
4.28426000E+08
4.64611000E+08
5.32865000E+08
7.12287000E+08
8.91979000E+08
1.13422000E+09
1.40143000E+09
2.02990000E+09
3.68294000E+09
4.36797000E+09
4.85257000E+09
6.37927000E+09
6.78546000E+09
1.15249000E+10
1.08035000E+10
1.36241000E+10
1.40482000E+10
1.45179000E+10
1.75706000E+10
2.39093000E+10
2.43844000E+10
3.64791000E+10
4.50668000E+10
7.84547000E+10
7.03809000E+10
6.10721000E+10
6.47540000E+10
6.43930000E+10
5.83378000E+10
6.59063000E+10
5.90240000E+10
7.10092000E+10
6.86788000E+10
9.37285000E+10
1.03134000E+11
9.95320000E+10
9.35944000E+10
1.69721000E+11
1.43857000E+11
1.06497000E+11
2.13354000E+11
1.45798000E+11
1.17995000E+11
1.32001000E+11
1.48992000E+11
9.98513000E+10
1.28452000E+11
1.03308000E+11
1.42031000E+11
1.58909000E+11
1.14512000E+11
8.15163000E+10
1.57128000E+11
9.44177000E+10
6.60356000E+10
2.78451000E+11
2.12231000E+11
1.63316000E+11
1.75414000E+11
1.19433000E+11
1.23358000E+11
1.08847000E+11
6.97385000E+10
1.16776000E+11
1.20730000E+11
9.08849000E+10
1.49044000E+11
1.22479000E+11
8.82067000E+10
9.32738000E+10
6.80956000E+10
4.47460000E+10
1.30524000E+11
2.21319000E+11
1.79362000E+11
1.26645000E+11
6.86168000E+10
1.07009000E+11
1.37681000E+11
1.26476000E+11
1.13070000E+11
1.10305000E+11
9.73578000E+10
8.64381000E+10
8.65369000E+10
7.68147000E+10
6.38651000E+10
5.57938000E+10
3.54914000E+10
2.64795000E+10
5.66912000E+10
8.94874000E+10
1.05236000E+11
9.30817000E+10
8.84277000E+10
7.88621000E+10
6.99598000E+10
6.16096000E+10
5.28273000E+10
4.28507000E+10
3.19481000E+10
2.09072000E+10
1.35280000E+10
2.38044000E+10
4.16674000E+10
3.63911000E+10
2.97010000E+10
3.04389000E+10
4.24621000E+10
6.18437000E+10
7.99992000E+10
9.02021000E+10
9.28519000E+10
8.53350000E+10
7.30778000E+10
5.85541000E+10
4.88171000E+10
4.81206000E+10
5.27541000E+10
5.53442000E+10
5.46565000E+10
5.29454000E+10
5.12744000E+10
4.68079000E+10
3.48772000E+10
3.71504000E+10
3.53851000E+10
3.35011000E+10
3.15280000E+10
3.11276000E+10
3.17373000E+10
3.31754000E+10
3.59541000E+10
3.98257000E+10
4.35479000E+10
4.69346000E+10
4.95387000E+10
5.32245000E+10
5.48653000E+10
5.70473000E+10
5.62653000E+10
5.98746000E+10
5.74781000E+10
5.93378000E+10
5.87242000E+10
5.86682000E+10
5.79883000E+10
5.89746000E+10
5.80250000E+10
5.86281000E+10
5.80724000E+10
5.57691000E+10
5.44203000E+10
5.38456000E+10
5.48211000E+10
5.40358000E+10
5.37221000E+10
5.31198000E+10
4.98239000E+10
4.91542000E+10
4.83268000E+10
4.58728000E+10
4.68908000E+10
4.45073000E+10
4.51641000E+10
4.49835000E+10
4.43788000E+10
4.41115000E+10
4.27498000E+10
4.29413000E+10
4.19535000E+10
4.20326000E+10
4.15530000E+10
4.13559000E+10
4.05503000E+10
4.07928000E+10
4.03774000E+10
3.99986000E+10
3.75660000E+10
3.93462000E+10
3.84511000E+10
3.82297000E+10
3.75921000E+10
3.37159000E+10
3.48274000E+10
3.35281000E+10
3.34631000E+10
3.33828000E+10
3.33118000E+10
3.30268000E+10
3.29439000E+10
3.28333000E+10
3.25549000E+10
3.23843000E+10
3.22336000E+10
3.20348000E+10
3.18827000E+10
2.92806000E+10
2.97191000E+10
2.91623000E+10
2.90332000E+10
2.87183000E+10
2.85834000E+10
2.83915000E+10
2.82036000E+10
2.65119000E+10
2.52063000E+10
2.59215000E+10
2.50174000E+10
2.51012000E+10
2.48501000E+10
2.47166000E+10
2.45098000E+10
2.41901000E+10
2.40770000E+10
2.39544000E+10
2.37931000E+10
2.36181000E+10
2.34491000E+10
2.27065000E+10
2.26377000E+10
2.24932000E+10
2.22863000E+10
2.21134000E+10
2.19107000E+10
2.17415000E+10
2.15137000E+10
2.12413000E+10
2.01195000E+10
1.29039000E+10
1.51755000E+10
1.51171000E+10
1.48165000E+10
1.46610000E+10
1.43090000E+10
1.42263000E+10
1.40947000E+10
1.39466000E+10
1.38106000E+10
1.36673000E+10
1.34728000E+10
1.33419000E+10
1.31518000E+10
1.29761000E+10
1.28295000E+10
1.26133000E+10
1.23996000E+10
1.21226000E+10
1.18640000E+10
1.16745000E+10
1.14637000E+10
1.12701000E+10
1.10435000E+10
1.08535000E+10
1.06520000E+10
1.04600000E+10
1.02636000E+10
9.97195000E+09
9.73485000E+09
9.54318000E+09
9.34599000E+09
9.26863000E+09
9.45355000E+09
8.70972000E+09
8.63613000E+09
8.41471000E+09
8.23677000E+09
8.03940000E+09
7.84087000E+09
7.65796000E+09
7.47352000E+09
7.29003000E+09
7.09064000E+09
6.91573000E+09
6.73409000E+09
6.55130000E+09
6.39293000E+09
6.19849000E+09
6.03456000E+09
5.83681000E+09
5.64916000E+09
5.45625000E+09
5.27616000E+09
5.08236000E+09
4.91391000E+09
4.74383000E+09
4.58245000E+09
4.40925000E+09
4.25346000E+09
4.09592000E+09
3.93846000E+09
3.77446000E+09
3.64715000E+09
3.48501000E+09
3.34973000E+09
3.20693000E+09
3.08860000E+09
2.93347000E+09
2.80874000E+09
2.68123000E+09
2.55606000E+09
2.43573000E+09
2.31806000E+09
2.20302000E+09
2.09243000E+09
1.97522000E+09
1.88232000E+09
1.78480000E+09
1.68301000E+09
1.58373000E+09
1.49198000E+09
1.40355000E+09
1.32631000E+09
1.24183000E+09
1.16385000E+09
1.08924000E+09
1.02346000E+09
9.48773000E+08
8.89103000E+08
8.24800000E+08
7.61699000E+08
7.10203000E+08
6.56544000E+08
6.10152000E+08
5.64331000E+08
5.16758000E+08
4.72006000E+08
4.34005000E+08
4.01284000E+08
3.66040000E+08
3.35863000E+08
3.04560000E+08
2.74255000E+08
2.50000000E+08
2.22276000E+08
2.05191000E+08
1.80723000E+08
1.65328000E+08
1.46311000E+08
1.32477000E+08
1.19533000E+08
1.06074000E+08
9.49221000E+07
8.32446000E+07
7.44708000E+07
6.69191000E+07
5.80906000E+07
5.05413000E+07
4.46471000E+07
3.96732000E+07
3.48261000E+07
3.03349000E+07
2.66094000E+07
2.31536000E+07
2.00070000E+07
1.74250000E+07
1.52109000E+07
1.36166000E+07
1.08851000E+07
9.85112000E+06
8.31709000E+06
6.70535000E+06
6.34798000E+06
5.40005000E+06
4.48990000E+06
3.73882000E+06
3.40996000E+06
2.93750000E+06
2.44017000E+06
2.03134000E+06
1.75637000E+06
1.34005000E+06
1.29635000E+06
9.63521000E+05
7.06100000E+05
9.67696000E+05
7.25697000E+05
5.89274000E+05
5.81075000E+05
4.66279000E+05
2.83571000E+05
2.74307000E+05
3.28838000E+05
2.63935000E+05
2.15871000E+05
1.55479000E+05
1.21150000E+05
1.57322000E+05
1.46506000E+05
7.56129000E+04
6.31007000E+04
5.95894000E+04
3.60628000E+04
2.60990000E+04
6.43576000E+04
3.25935000E+04
2.24943000E+04
3.46463000E+04
1.22886000E+04
6.70760000E+03
0.00000000E+00
0.00000000E+00
0.00000000E+00
0.00000000E+00
0.00000000E+00
0.00000000E+00
0.00000000E+00
0.00000000E+00
0.00000000E+00
0.00000000E+00
0.00000000E+00
0.00000000E+00
0.00000000E+00
0.00000000E+00
0.00000000E+00
0.00000000E+00
0.00000000E+00
0.00000000E+00
0.00000000E+00
0.00000000E+00
0.00000000E+00
0.00000000E+00
0.00000000E+00
0.00000000E+00
0.00000000E+00
0.00000000E+00
0.00000000E+00
0.00000000E+00
0.00000000E+00
0.00000000E+00
0.00000000E+00
0.00000000E+00
0.00000000E+00
0.00000000E+00
0.00000000E+00
0.00000000E+00
0.00000000E+00
0.00000000E+00
0.00000000E+00
0.00000000E+00
0.00000000E+00
0.00000000E+00
0.00000000E+00
0.00000000E+00
0.00000000E+00
0.00000000E+00
0.00000000E+00
0.00000000E+00
0.00000000E+00
0.00000000E+00
0.00000000E+00
0.00000000E+00
0.00000000E+00
0.00000000E+00
0.00000000E+00
0.00000000E+00
0.00000000E+00
0.00000000E+00
0.00000000E+00
0.00000000E+00
0.00000000E+00
0.00000000E+00
0.00000000E+00
0.00000000E+00
0.00000000E+00
0.00000000E+00
0.00000000E+00
0.00000000E+00
0.00000000E+00
0.00000000E+00
0.00000000E+00
0.00000000E+00
0.00000000E+00
0.00000000E+00
0.00000000E+00
0.00000000E+00
0.00000000E+00
0.00000000E+00
0.00000000E+00
0.00000000E+00
0.00000000E+00
0.00000000E+00
0.00000000E+00
0.00000000E+00
0.00000000E+00
0.00000000E+00
0.00000000E+00
0.00000000E+00
0.00000000E+00
0.00000000E+00
0.00000000E+00
0.00000000E+00
0.00000000E+00
0.00000000E+00
0.00000000E+00
0.00000000E+00
0.00000000E+00
0.00000000E+00
0.00000000E+00
0.00000000E+00
0.00000000E+00
0.00000000E+00
0.00000000E+00
0.00000000E+00
0.00000000E+00
0.00000000E+00
0.00000000E+00
0.00000000E+00
0.00000000E+00
0.00000000E+00
0.00000000E+00
0.00000000E+00
0.00000000E+00
0.00000000E+00
0.00000000E+00
0.00000000E+00
0.00000000E+00
0.00000000E+00
0.00000000E+00
0.00000000E+00
0.00000000E+00
0.00000000E+00
0.00000000E+00
0.00000000E+00
0.00000000E+00
0.00000000E+00
0.00000000E+00
0.00000000E+00
0.00000000E+00
0.00000000E+00
0.00000000E+00
0.00000000E+00
0.00000000E+00
0.00000000E+00
0.00000000E+00
0.00000000E+00
0.00000000E+00
0.00000000E+00
0.00000000E+00
0.00000000E+00
0.00000000E+00
0.00000000E+00
0.00000000E+00
0.00000000E+00
0.00000000E+00
0.00000000E+00
0.00000000E+00
0.00000000E+00
0.00000000E+00
0.00000000E+00
0.00000000E+00
0.00000000E+00
0.00000000E+00
0.00000000E+00
0.00000000E+00
0.00000000E+00
0.00000000E+00
0.00000000E+00
0.00000000E+00
0.00000000E+00
0.00000000E+00
0.00000000E+00
1.0
hcll_169.spectrum617
