2.00000000E+07
1.99530000E+07
1.90550000E+07
1.81970000E+07
1.73780000E+07
1.65960000E+07
1.58490000E+07
1.51360000E+07
1.44540000E+07
1.38040000E+07
1.31830000E+07
1.25890000E+07
1.20230000E+07
1.14820000E+07
1.09650000E+07
1.04710000E+07
1.00000000E+07
9.54990000E+06
9.12010000E+06
8.70960000E+06
8.31760000E+06
7.94330000E+06
7.58580000E+06
7.24440000E+06
6.91830000E+06
6.60690000E+06
6.30960000E+06
6.02560000E+06
5.75440000E+06
5.49540000E+06
5.24810000E+06
5.01190000E+06
4.78630000E+06
4.57090000E+06
4.36520000E+06
4.16870000E+06
3.98110000E+06
3.80190000E+06
3.63080000E+06
3.46740000E+06
3.31130000E+06
3.16230000E+06
3.02000000E+06
2.88400000E+06
2.75420000E+06
2.63030000E+06
2.51190000E+06
2.39880000E+06
2.29090000E+06
2.18780000E+06
2.08930000E+06
1.99530000E+06
1.90550000E+06
1.81970000E+06
1.73780000E+06
1.65960000E+06
1.58490000E+06
1.51360000E+06
1.44540000E+06
1.38040000E+06
1.31830000E+06
1.25890000E+06
1.20230000E+06
1.14820000E+06
1.09650000E+06
1.04710000E+06
1.00000000E+06
9.54990000E+05
9.12010000E+05
8.70960000E+05
8.31760000E+05
7.94330000E+05
7.58580000E+05
7.24440000E+05
6.91830000E+05
6.60690000E+05
6.30960000E+05
6.02560000E+05
5.75440000E+05
5.49540000E+05
5.24810000E+05
5.01190000E+05
4.78630000E+05
4.57090000E+05
4.36520000E+05
4.16870000E+05
3.98110000E+05
3.80190000E+05
3.63080000E+05
3.46740000E+05
3.31130000E+05
3.16230000E+05
3.02000000E+05
2.88400000E+05
2.75420000E+05
2.63030000E+05
2.51190000E+05
2.39880000E+05
2.29090000E+05
2.18780000E+05
2.08930000E+05
1.99530000E+05
1.90550000E+05
1.81970000E+05
1.73780000E+05
1.65960000E+05
1.58490000E+05
1.51360000E+05
1.44540000E+05
1.38040000E+05
1.31830000E+05
1.25890000E+05
1.20230000E+05
1.14820000E+05
1.09650000E+05
1.04710000E+05
1.00000000E+05
9.54990000E+04
9.12010000E+04
8.70960000E+04
8.31760000E+04
7.94330000E+04
7.58580000E+04
7.24440000E+04
6.91830000E+04
6.60690000E+04
6.30960000E+04
6.02560000E+04
5.75440000E+04
5.49540000E+04
5.24810000E+04
5.01190000E+04
4.78630000E+04
4.57090000E+04
4.36520000E+04
4.16870000E+04
3.98110000E+04
3.80190000E+04
3.63080000E+04
3.46740000E+04
3.31130000E+04
3.16230000E+04
3.02000000E+04
2.88400000E+04
2.75420000E+04
2.63030000E+04
2.51190000E+04
2.39880000E+04
2.29090000E+04
2.18780000E+04
2.08930000E+04
1.99530000E+04
1.90550000E+04
1.81970000E+04
1.73780000E+04
1.65960000E+04
1.58490000E+04
1.51360000E+04
1.44540000E+04
1.38040000E+04
1.31830000E+04
1.25890000E+04
1.20230000E+04
1.14820000E+04
1.09650000E+04
1.04710000E+04
1.00000000E+04
9.54990000E+03
9.12010000E+03
8.70960000E+03
8.31760000E+03
7.94330000E+03
7.58580000E+03
7.24440000E+03
6.91830000E+03
6.60690000E+03
6.30960000E+03
6.02560000E+03
5.75440000E+03
5.49540000E+03
5.24810000E+03
5.01190000E+03
4.78630000E+03
4.57090000E+03
4.36520000E+03
4.16870000E+03
3.98110000E+03
3.80190000E+03
3.63080000E+03
3.46740000E+03
3.31130000E+03
3.16230000E+03
3.01990000E+03
2.88400000E+03
2.75420000E+03
2.63030000E+03
2.51190000E+03
2.39880000E+03
2.29090000E+03
2.18780000E+03
2.08930000E+03
1.99530000E+03
1.90550000E+03
1.81970000E+03
1.73780000E+03
1.65960000E+03
1.58490000E+03
1.51360000E+03
1.44540000E+03
1.38040000E+03
1.31830000E+03
1.25890000E+03
1.20230000E+03
1.14810000E+03
1.09650000E+03
1.04710000E+03
1.00000000E+03
9.54990000E+02
9.12010000E+02
8.70960000E+02
8.31760000E+02
7.94330000E+02
7.58580000E+02
7.24440000E+02
6.91830000E+02
6.60690000E+02
6.30960000E+02
6.02560000E+02
5.75440000E+02
5.49540000E+02
5.24810000E+02
5.01190000E+02
4.78630000E+02
4.57090000E+02
4.36520000E+02
4.16870000E+02
3.98110000E+02
3.80190000E+02
3.63080000E+02
3.46740000E+02
3.31130000E+02
3.16230000E+02
3.01990000E+02
2.88400000E+02
2.75420000E+02
2.63030000E+02
2.51190000E+02
2.39880000E+02
2.29090000E+02
2.18780000E+02
2.08930000E+02
1.99530000E+02
1.90550000E+02
1.81970000E+02
1.73780000E+02
1.65960000E+02
1.58490000E+02
1.51360000E+02
1.44540000E+02
1.38040000E+02
1.31830000E+02
1.25890000E+02
1.20230000E+02
1.14820000E+02
1.09650000E+02
1.04710000E+02
1.00000000E+02
9.54990000E+01
9.12010000E+01
8.70960000E+01
8.31760000E+01
7.94330000E+01
7.58580000E+01
7.24440000E+01
6.91830000E+01
6.60690000E+01
6.30960000E+01
6.02560000E+01
5.75440000E+01
5.49540000E+01
5.24810000E+01
5.01190000E+01
4.78630000E+01
4.57090000E+01
4.36520000E+01
4.16870000E+01
3.98110000E+01
3.80190000E+01
3.63080000E+01
3.46740000E+01
3.31130000E+01
3.16230000E+01
3.02000000E+01
2.88400000E+01
2.75420000E+01
2.63030000E+01
2.51190000E+01
2.39880000E+01
2.29090000E+01
2.18780000E+01
2.08930000E+01
1.99530000E+01
1.90550000E+01
1.81970000E+01
1.73780000E+01
1.65960000E+01
1.58490000E+01
1.51360000E+01
1.44540000E+01
1.38040000E+01
1.31830000E+01
1.25890000E+01
1.20230000E+01
1.14820000E+01
1.09650000E+01
1.04710000E+01
1.00000000E+01
9.54990000E+00
9.12010000E+00
8.70960000E+00
8.31760000E+00
7.94330000E+00
7.58580000E+00
7.24440000E+00
6.91830000E+00
6.60690000E+00
6.30960000E+00
6.02560000E+00
5.75440000E+00
5.49540000E+00
5.24810000E+00
5.01190000E+00
4.78630000E+00
4.57090000E+00
4.36520000E+00
4.16870000E+00
3.98110000E+00
3.80190000E+00
3.63080000E+00
3.46740000E+00
3.31130000E+00
3.16230000E+00
3.02000000E+00
2.88400000E+00
2.75420000E+00
2.63030000E+00
2.51190000E+00
2.39880000E+00
2.29090000E+00
2.18780000E+00
2.08930000E+00
1.99530000E+00
1.90550000E+00
1.81970000E+00
1.73780000E+00
1.65960000E+00
1.58490000E+00
1.51360000E+00
1.44540000E+00
1.38040000E+00
1.31830000E+00
1.25890000E+00
1.20230000E+00
1.14810000E+00
1.09650000E+00
1.04710000E+00
1.00000000E+00
9.54990000E-01
9.12010000E-01
8.70960000E-01
8.31760000E-01
7.94330000E-01
7.58580000E-01
7.24440000E-01
6.91830000E-01
6.60690000E-01
6.30960000E-01
6.02560000E-01
5.75440000E-01
5.49540000E-01
5.24810000E-01
5.01190000E-01
4.78630000E-01
4.57090000E-01
4.36520000E-01
4.16870000E-01
3.98110000E-01
3.80190000E-01
3.63080000E-01
3.46740000E-01
3.31130000E-01
3.16230000E-01
3.01990000E-01
2.88400000E-01
2.75420000E-01
2.63030000E-01
2.51190000E-01
2.39880000E-01
2.29090000E-01
2.18780000E-01
2.08930000E-01
1.99530000E-01
1.90550000E-01
1.81970000E-01
1.73780000E-01
1.65960000E-01
1.58490000E-01
1.51360000E-01
1.44540000E-01
1.38040000E-01
1.31830000E-01
1.25890000E-01
1.20230000E-01
1.14810000E-01
1.09650000E-01
1.04710000E-01
1.00000000E-01
9.54990000E-02
9.12010000E-02
8.70960000E-02
8.31760000E-02
7.94330000E-02
7.58580000E-02
7.24440000E-02
6.91830000E-02
6.60690000E-02
6.30960000E-02
6.02560000E-02
5.75440000E-02
5.49540000E-02
5.24810000E-02
5.01190000E-02
4.78630000E-02
4.57090000E-02
4.36520000E-02
4.16870000E-02
3.98110000E-02
3.80190000E-02
3.63080000E-02
3.46740000E-02
3.31130000E-02
3.16230000E-02
3.01990000E-02
2.88400000E-02
2.75420000E-02
2.63030000E-02
2.51190000E-02
2.39880000E-02
2.29090000E-02
2.18780000E-02
2.08930000E-02
1.99530000E-02
1.90550000E-02
1.81970000E-02
1.73780000E-02
1.65960000E-02
1.58490000E-02
1.51360000E-02
1.44540000E-02
1.38040000E-02
1.31830000E-02
1.25890000E-02
1.20230000E-02
1.14810000E-02
1.09650000E-02
1.04710000E-02
1.00000000E-02
9.54990000E-03
9.12010000E-03
8.70960000E-03
8.31760000E-03
7.94330000E-03
7.58580000E-03
7.24440000E-03
6.91830000E-03
6.60690000E-03
6.30960000E-03
6.02560000E-03
5.75440000E-03
5.49540000E-03
5.24810000E-03
5.01190000E-03
4.78630000E-03
4.57090000E-03
4.36520000E-03
4.16870000E-03
3.98110000E-03
3.80190000E-03
3.63080000E-03
3.46740000E-03
3.31130000E-03
3.16230000E-03
3.02000000E-03
2.88400000E-03
2.75420000E-03
2.63030000E-03
2.51190000E-03
2.39880000E-03
2.29090000E-03
2.18780000E-03
2.08930000E-03
1.99530000E-03
1.90550000E-03
1.81970000E-03
1.73780000E-03
1.65960000E-03
1.58490000E-03
1.51360000E-03
1.44540000E-03
1.38040000E-03
1.31830000E-03
1.25890000E-03
1.20230000E-03
1.14820000E-03
1.09650000E-03
1.04710000E-03
1.00000000E-03
9.54990000E-04
9.12010000E-04
8.70960000E-04
8.31760000E-04
7.94330000E-04
7.58580000E-04
7.24440000E-04
6.91830000E-04
6.60690000E-04
6.30960000E-04
6.02560000E-04
5.75440000E-04
5.49540000E-04
5.24810000E-04
5.01190000E-04
4.78630000E-04
4.57090000E-04
4.36520000E-04
4.16870000E-04
3.98110000E-04
3.80190000E-04
3.63080000E-04
3.46740000E-04
3.31130000E-04
3.16230000E-04
3.01990000E-04
2.88400000E-04
2.75420000E-04
2.63030000E-04
2.51190000E-04
2.39880000E-04
2.29090000E-04
2.18780000E-04
2.08930000E-04
1.99530000E-04
1.90550000E-04
1.81970000E-04
1.73780000E-04
1.65960000E-04
1.58490000E-04
1.51360000E-04
1.44540000E-04
1.38040000E-04
1.31830000E-04
1.25890000E-04
1.20230000E-04
1.14820000E-04
1.09650000E-04
1.04710000E-04
1.00000000E-04
9.54990000E-05
9.12010000E-05
8.70960000E-05
8.31760000E-05
7.94330000E-05
7.58580000E-05
7.24440000E-05
6.91830000E-05
6.60690000E-05
6.30960000E-05
6.02560000E-05
5.75440000E-05
5.49540000E-05
5.24810000E-05
5.01190000E-05
4.78630000E-05
4.57090000E-05
4.36520000E-05
4.16870000E-05
3.98110000E-05
3.80190000E-05
3.63080000E-05
3.46740000E-05
3.31130000E-05
3.16230000E-05
3.01990000E-05
2.88400000E-05
2.75420000E-05
2.63030000E-05
2.51190000E-05
2.39880000E-05
2.29090000E-05
2.18780000E-05
2.08930000E-05
1.99530000E-05
1.90550000E-05
1.81970000E-05
1.73780000E-05
1.65960000E-05
1.58490000E-05
1.51360000E-05
1.44540000E-05
1.38040000E-05
1.31830000E-05
1.25890000E-05
1.20230000E-05
1.14820000E-05
1.09650000E-05
1.04710000E-05
1.00000000E-05
 
0.00000000E+00
0.00000000E+00
0.00000000E+00
0.00000000E+00
0.00000000E+00
0.00000000E+00
0.00000000E+00
3.98020000E+05
1.37702000E+07
4.29311000E+07
5.12082000E+07
5.03586000E+07
4.34260000E+07
3.43543000E+07
2.71168000E+07
2.39872000E+07
2.36784000E+07
2.07994000E+07
2.14747000E+07
1.79549000E+07
1.62103000E+07
1.72035000E+07
1.81696000E+07
1.69814000E+07
1.40679000E+07
1.55725000E+07
1.65286000E+07
1.48688000E+07
1.70902000E+07
1.60783000E+07
1.65928000E+07
1.82761000E+07
2.00329000E+07
1.92570000E+07
1.92086000E+07
2.05843000E+07
2.22098000E+07
2.33630000E+07
2.35902000E+07
2.79616000E+07
2.99705000E+07
3.17416000E+07
3.53868000E+07
3.80506000E+07
4.58602000E+07
4.78175000E+07
5.20775000E+07
6.56216000E+07
6.87744000E+07
7.97405000E+07
8.03808000E+07
9.10750000E+07
1.06020000E+08
1.22188000E+08
1.48829000E+08
1.48240000E+08
1.54029000E+08
1.78748000E+08
2.12667000E+08
2.35825000E+08
2.62439000E+08
3.33179000E+08
4.80821000E+08
5.26626000E+08
5.37232000E+08
6.26494000E+08
6.04075000E+08
8.38601000E+08
7.37532000E+08
8.95733000E+08
8.98177000E+08
9.14299000E+08
1.07516000E+09
1.28025000E+09
1.25560000E+09
1.58809000E+09
1.77599000E+09
2.77791000E+09
2.41444000E+09
2.06626000E+09
2.13862000E+09
2.04078000E+09
1.79234000E+09
1.98400000E+09
1.75540000E+09
2.11861000E+09
2.03424000E+09
2.49935000E+09
2.62927000E+09
2.47691000E+09
2.35709000E+09
3.91825000E+09
3.27255000E+09
2.45598000E+09
4.82128000E+09
3.32457000E+09
2.68308000E+09
3.02709000E+09
3.44740000E+09
2.30513000E+09
2.98630000E+09
2.41457000E+09
3.32436000E+09
3.76497000E+09
2.72739000E+09
1.94216000E+09
3.76847000E+09
2.26902000E+09
1.59070000E+09
6.71573000E+09
5.15117000E+09
3.98200000E+09
4.29108000E+09
2.91546000E+09
3.01770000E+09
2.65832000E+09
1.70540000E+09
2.86618000E+09
2.97211000E+09
2.22691000E+09
3.64241000E+09
3.00953000E+09
2.16480000E+09
2.27358000E+09
1.65833000E+09
1.08925000E+09
3.19268000E+09
5.38383000E+09
4.36312000E+09
3.08775000E+09
1.67946000E+09
2.60556000E+09
3.35854000E+09
3.08946000E+09
2.75183000E+09
2.70066000E+09
2.37242000E+09
2.10767000E+09
2.11619000E+09
1.86904000E+09
1.55778000E+09
1.36546000E+09
8.69691000E+08
6.48038000E+08
1.38498000E+09
2.16739000E+09
2.50013000E+09
2.18489000E+09
2.07319000E+09
1.84682000E+09
1.63637000E+09
1.43925000E+09
1.23896000E+09
1.00024000E+09
7.46453000E+08
4.90428000E+08
3.15763000E+08
5.56608000E+08
9.74641000E+08
8.51914000E+08
6.94480000E+08
7.15172000E+08
9.99323000E+08
1.45744000E+09
1.88262000E+09
2.13809000E+09
2.19061000E+09
2.02129000E+09
1.73217000E+09
1.39058000E+09
1.15962000E+09
1.14367000E+09
1.25391000E+09
1.31598000E+09
1.30105000E+09
1.26198000E+09
1.22586000E+09
1.11733000E+09
8.33733000E+08
8.87404000E+08
8.45048000E+08
8.00355000E+08
7.53742000E+08
7.45662000E+08
7.58823000E+08
7.92908000E+08
8.61089000E+08
9.56385000E+08
1.04417000E+09
1.12808000E+09
1.18907000E+09
1.27964000E+09
1.32587000E+09
1.37292000E+09
1.36160000E+09
1.44740000E+09
1.38698000E+09
1.44140000E+09
1.42063000E+09
1.42139000E+09
1.40887000E+09
1.43258000E+09
1.41111000E+09
1.42748000E+09
1.41661000E+09
1.35830000E+09
1.32762000E+09
1.31603000E+09
1.34632000E+09
1.32877000E+09
1.32367000E+09
1.31139000E+09
1.23287000E+09
1.21580000E+09
1.19528000E+09
1.13613000E+09
1.15890000E+09
1.10792000E+09
1.12810000E+09
1.11983000E+09
1.11216000E+09
1.10240000E+09
1.06804000E+09
1.07881000E+09
1.05400000E+09
1.06071000E+09
1.04899000E+09
1.04659000E+09
1.02492000E+09
1.03095000E+09
1.02840000E+09
1.01993000E+09
9.62295000E+08
1.00583000E+09
9.85019000E+08
9.82127000E+08
9.64369000E+08
8.66344000E+08
8.98437000E+08
8.61924000E+08
8.61394000E+08
8.61583000E+08
8.62357000E+08
8.56687000E+08
8.59354000E+08
8.57958000E+08
8.50087000E+08
8.47307000E+08
8.45136000E+08
8.42770000E+08
8.41319000E+08
7.70408000E+08
7.84573000E+08
7.73311000E+08
7.70733000E+08
7.64604000E+08
7.63540000E+08
7.59145000E+08
7.53627000E+08
7.09895000E+08
6.76491000E+08
6.98207000E+08
6.74338000E+08
6.76296000E+08
6.72394000E+08
6.71513000E+08
6.68965000E+08
6.60179000E+08
6.61753000E+08
6.55721000E+08
6.56762000E+08
6.53487000E+08
6.48834000E+08
6.31927000E+08
6.30874000E+08
6.25112000E+08
6.22788000E+08
6.21599000E+08
6.16669000E+08
6.13010000E+08
6.08151000E+08
6.05062000E+08
5.72334000E+08
3.68653000E+08
4.35847000E+08
4.34433000E+08
4.26918000E+08
4.25573000E+08
4.16564000E+08
4.14856000E+08
4.12920000E+08
4.11518000E+08
4.06401000E+08
4.03697000E+08
3.99788000E+08
3.93257000E+08
3.91748000E+08
3.87409000E+08
3.84368000E+08
3.78577000E+08
3.71549000E+08
3.60967000E+08
3.55245000E+08
3.48641000E+08
3.44126000E+08
3.35353000E+08
3.30920000E+08
3.26355000E+08
3.21211000E+08
3.14557000E+08
3.10158000E+08
3.01936000E+08
2.94754000E+08
2.89693000E+08
2.82716000E+08
2.80318000E+08
2.87636000E+08
2.66223000E+08
2.61995000E+08
2.58386000E+08
2.53272000E+08
2.44955000E+08
2.41851000E+08
2.35505000E+08
2.31002000E+08
2.24571000E+08
2.20857000E+08
2.14609000E+08
2.09579000E+08
2.05198000E+08
1.98741000E+08
1.93599000E+08
1.88626000E+08
1.82348000E+08
1.76321000E+08
1.69705000E+08
1.63101000E+08
1.58270000E+08
1.54250000E+08
1.50105000E+08
1.43415000E+08
1.40086000E+08
1.32069000E+08
1.27769000E+08
1.23473000E+08
1.19598000E+08
1.14007000E+08
1.10035000E+08
1.06188000E+08
1.01062000E+08
9.64019000E+07
9.30933000E+07
8.90266000E+07
8.59269000E+07
8.03908000E+07
7.75798000E+07
7.41629000E+07
6.99525000E+07
6.70673000E+07
6.34708000E+07
6.08471000E+07
5.75292000E+07
5.42770000E+07
5.14798000E+07
4.75601000E+07
4.53923000E+07
4.34024000E+07
4.10106000E+07
3.84197000E+07
3.58586000E+07
3.47916000E+07
3.21015000E+07
2.90167000E+07
2.75288000E+07
2.57626000E+07
2.37248000E+07
2.24102000E+07
2.02322000E+07
1.84558000E+07
1.74954000E+07
1.60076000E+07
1.45962000E+07
1.38840000E+07
1.20806000E+07
1.16329000E+07
9.99372000E+06
9.38288000E+06
8.41423000E+06
8.27603000E+06
6.93064000E+06
6.43398000E+06
5.68562000E+06
5.08134000E+06
4.61578000E+06
4.06651000E+06
3.83963000E+06
3.38647000E+06
2.92848000E+06
2.76513000E+06
2.39187000E+06
2.03477000E+06
1.68152000E+06
1.49188000E+06
1.41019000E+06
1.15845000E+06
1.04413000E+06
9.29910000E+05
7.49976000E+05
6.37903000E+05
5.98252000E+05
4.83028000E+05
5.44263000E+05
3.99457000E+05
3.01623000E+05
2.37136000E+05
2.49549000E+05
1.90780000E+05
1.57851000E+05
1.27950000E+05
1.04483000E+05
1.02747000E+05
7.13010000E+04
5.46236000E+04
1.02692000E+05
5.31925000E+04
2.54008000E+04
3.20156000E+04
4.43598000E+04
3.66140000E+04
2.15711000E+04
1.45849000E+04
6.90566000E+03
4.21651000E+03
1.18236000E+04
8.97028000E+03
0.00000000E+00
0.00000000E+00
0.00000000E+00
0.00000000E+00
0.00000000E+00
0.00000000E+00
0.00000000E+00
0.00000000E+00
0.00000000E+00
0.00000000E+00
0.00000000E+00
0.00000000E+00
0.00000000E+00
0.00000000E+00
0.00000000E+00
0.00000000E+00
0.00000000E+00
0.00000000E+00
0.00000000E+00
0.00000000E+00
0.00000000E+00
0.00000000E+00
0.00000000E+00
0.00000000E+00
0.00000000E+00
0.00000000E+00
0.00000000E+00
0.00000000E+00
0.00000000E+00
0.00000000E+00
0.00000000E+00
0.00000000E+00
0.00000000E+00
0.00000000E+00
0.00000000E+00
0.00000000E+00
0.00000000E+00
0.00000000E+00
0.00000000E+00
0.00000000E+00
0.00000000E+00
0.00000000E+00
0.00000000E+00
0.00000000E+00
0.00000000E+00
0.00000000E+00
0.00000000E+00
0.00000000E+00
0.00000000E+00
0.00000000E+00
0.00000000E+00
0.00000000E+00
0.00000000E+00
0.00000000E+00
0.00000000E+00
0.00000000E+00
0.00000000E+00
0.00000000E+00
0.00000000E+00
0.00000000E+00
0.00000000E+00
0.00000000E+00
0.00000000E+00
0.00000000E+00
0.00000000E+00
0.00000000E+00
0.00000000E+00
0.00000000E+00
0.00000000E+00
0.00000000E+00
0.00000000E+00
0.00000000E+00
0.00000000E+00
0.00000000E+00
0.00000000E+00
0.00000000E+00
0.00000000E+00
0.00000000E+00
0.00000000E+00
0.00000000E+00
0.00000000E+00
0.00000000E+00
0.00000000E+00
0.00000000E+00
0.00000000E+00
0.00000000E+00
0.00000000E+00
0.00000000E+00
0.00000000E+00
0.00000000E+00
0.00000000E+00
0.00000000E+00
0.00000000E+00
0.00000000E+00
0.00000000E+00
0.00000000E+00
0.00000000E+00
0.00000000E+00
0.00000000E+00
0.00000000E+00
0.00000000E+00
0.00000000E+00
0.00000000E+00
0.00000000E+00
0.00000000E+00
0.00000000E+00
0.00000000E+00
0.00000000E+00
0.00000000E+00
0.00000000E+00
0.00000000E+00
0.00000000E+00
0.00000000E+00
0.00000000E+00
0.00000000E+00
0.00000000E+00
0.00000000E+00
0.00000000E+00
0.00000000E+00
0.00000000E+00
0.00000000E+00
0.00000000E+00
0.00000000E+00
0.00000000E+00
0.00000000E+00
0.00000000E+00
0.00000000E+00
0.00000000E+00
0.00000000E+00
0.00000000E+00
0.00000000E+00
0.00000000E+00
0.00000000E+00
0.00000000E+00
0.00000000E+00
0.00000000E+00
0.00000000E+00
0.00000000E+00
0.00000000E+00
0.00000000E+00
0.00000000E+00
0.00000000E+00
0.00000000E+00
0.00000000E+00
0.00000000E+00
0.00000000E+00
0.00000000E+00
0.00000000E+00
0.00000000E+00
0.00000000E+00
0.00000000E+00
0.00000000E+00
0.00000000E+00
0.00000000E+00
0.00000000E+00
0.00000000E+00
0.00000000E+00
0.00000000E+00
0.00000000E+00
0.00000000E+00
0.00000000E+00
0.00000000E+00
0.00000000E+00
0.00000000E+00
0.00000000E+00
0.00000000E+00
0.00000000E+00
0.00000000E+00
0.00000000E+00
0.00000000E+00
0.00000000E+00
0.00000000E+00
0.00000000E+00
0.00000000E+00
0.00000000E+00
0.00000000E+00
0.00000000E+00
0.00000000E+00
0.00000000E+00
0.00000000E+00
0.00000000E+00
1.0
hcpb_169.spectrum617
