2.00000000E+07
1.99530000E+07
1.90550000E+07
1.81970000E+07
1.73780000E+07
1.65960000E+07
1.58490000E+07
1.51360000E+07
1.44540000E+07
1.38040000E+07
1.31830000E+07
1.25890000E+07
1.20230000E+07
1.14820000E+07
1.09650000E+07
1.04710000E+07
1.00000000E+07
9.54990000E+06
9.12010000E+06
8.70960000E+06
8.31760000E+06
7.94330000E+06
7.58580000E+06
7.24440000E+06
6.91830000E+06
6.60690000E+06
6.30960000E+06
6.02560000E+06
5.75440000E+06
5.49540000E+06
5.24810000E+06
5.01190000E+06
4.78630000E+06
4.57090000E+06
4.36520000E+06
4.16870000E+06
3.98110000E+06
3.80190000E+06
3.63080000E+06
3.46740000E+06
3.31130000E+06
3.16230000E+06
3.02000000E+06
2.88400000E+06
2.75420000E+06
2.63030000E+06
2.51190000E+06
2.39880000E+06
2.29090000E+06
2.18780000E+06
2.08930000E+06
1.99530000E+06
1.90550000E+06
1.81970000E+06
1.73780000E+06
1.65960000E+06
1.58490000E+06
1.51360000E+06
1.44540000E+06
1.38040000E+06
1.31830000E+06
1.25890000E+06
1.20230000E+06
1.14820000E+06
1.09650000E+06
1.04710000E+06
1.00000000E+06
9.54990000E+05
9.12010000E+05
8.70960000E+05
8.31760000E+05
7.94330000E+05
7.58580000E+05
7.24440000E+05
6.91830000E+05
6.60690000E+05
6.30960000E+05
6.02560000E+05
5.75440000E+05
5.49540000E+05
5.24810000E+05
5.01190000E+05
4.78630000E+05
4.57090000E+05
4.36520000E+05
4.16870000E+05
3.98110000E+05
3.80190000E+05
3.63080000E+05
3.46740000E+05
3.31130000E+05
3.16230000E+05
3.02000000E+05
2.88400000E+05
2.75420000E+05
2.63030000E+05
2.51190000E+05
2.39880000E+05
2.29090000E+05
2.18780000E+05
2.08930000E+05
1.99530000E+05
1.90550000E+05
1.81970000E+05
1.73780000E+05
1.65960000E+05
1.58490000E+05
1.51360000E+05
1.44540000E+05
1.38040000E+05
1.31830000E+05
1.25890000E+05
1.20230000E+05
1.14820000E+05
1.09650000E+05
1.04710000E+05
1.00000000E+05
9.54990000E+04
9.12010000E+04
8.70960000E+04
8.31760000E+04
7.94330000E+04
7.58580000E+04
7.24440000E+04
6.91830000E+04
6.60690000E+04
6.30960000E+04
6.02560000E+04
5.75440000E+04
5.49540000E+04
5.24810000E+04
5.01190000E+04
4.78630000E+04
4.57090000E+04
4.36520000E+04
4.16870000E+04
3.98110000E+04
3.80190000E+04
3.63080000E+04
3.46740000E+04
3.31130000E+04
3.16230000E+04
3.02000000E+04
2.88400000E+04
2.75420000E+04
2.63030000E+04
2.51190000E+04
2.39880000E+04
2.29090000E+04
2.18780000E+04
2.08930000E+04
1.99530000E+04
1.90550000E+04
1.81970000E+04
1.73780000E+04
1.65960000E+04
1.58490000E+04
1.51360000E+04
1.44540000E+04
1.38040000E+04
1.31830000E+04
1.25890000E+04
1.20230000E+04
1.14820000E+04
1.09650000E+04
1.04710000E+04
1.00000000E+04
9.54990000E+03
9.12010000E+03
8.70960000E+03
8.31760000E+03
7.94330000E+03
7.58580000E+03
7.24440000E+03
6.91830000E+03
6.60690000E+03
6.30960000E+03
6.02560000E+03
5.75440000E+03
5.49540000E+03
5.24810000E+03
5.01190000E+03
4.78630000E+03
4.57090000E+03
4.36520000E+03
4.16870000E+03
3.98110000E+03
3.80190000E+03
3.63080000E+03
3.46740000E+03
3.31130000E+03
3.16230000E+03
3.01990000E+03
2.88400000E+03
2.75420000E+03
2.63030000E+03
2.51190000E+03
2.39880000E+03
2.29090000E+03
2.18780000E+03
2.08930000E+03
1.99530000E+03
1.90550000E+03
1.81970000E+03
1.73780000E+03
1.65960000E+03
1.58490000E+03
1.51360000E+03
1.44540000E+03
1.38040000E+03
1.31830000E+03
1.25890000E+03
1.20230000E+03
1.14810000E+03
1.09650000E+03
1.04710000E+03
1.00000000E+03
9.54990000E+02
9.12010000E+02
8.70960000E+02
8.31760000E+02
7.94330000E+02
7.58580000E+02
7.24440000E+02
6.91830000E+02
6.60690000E+02
6.30960000E+02
6.02560000E+02
5.75440000E+02
5.49540000E+02
5.24810000E+02
5.01190000E+02
4.78630000E+02
4.57090000E+02
4.36520000E+02
4.16870000E+02
3.98110000E+02
3.80190000E+02
3.63080000E+02
3.46740000E+02
3.31130000E+02
3.16230000E+02
3.01990000E+02
2.88400000E+02
2.75420000E+02
2.63030000E+02
2.51190000E+02
2.39880000E+02
2.29090000E+02
2.18780000E+02
2.08930000E+02
1.99530000E+02
1.90550000E+02
1.81970000E+02
1.73780000E+02
1.65960000E+02
1.58490000E+02
1.51360000E+02
1.44540000E+02
1.38040000E+02
1.31830000E+02
1.25890000E+02
1.20230000E+02
1.14820000E+02
1.09650000E+02
1.04710000E+02
1.00000000E+02
9.54990000E+01
9.12010000E+01
8.70960000E+01
8.31760000E+01
7.94330000E+01
7.58580000E+01
7.24440000E+01
6.91830000E+01
6.60690000E+01
6.30960000E+01
6.02560000E+01
5.75440000E+01
5.49540000E+01
5.24810000E+01
5.01190000E+01
4.78630000E+01
4.57090000E+01
4.36520000E+01
4.16870000E+01
3.98110000E+01
3.80190000E+01
3.63080000E+01
3.46740000E+01
3.31130000E+01
3.16230000E+01
3.02000000E+01
2.88400000E+01
2.75420000E+01
2.63030000E+01
2.51190000E+01
2.39880000E+01
2.29090000E+01
2.18780000E+01
2.08930000E+01
1.99530000E+01
1.90550000E+01
1.81970000E+01
1.73780000E+01
1.65960000E+01
1.58490000E+01
1.51360000E+01
1.44540000E+01
1.38040000E+01
1.31830000E+01
1.25890000E+01
1.20230000E+01
1.14820000E+01
1.09650000E+01
1.04710000E+01
1.00000000E+01
9.54990000E+00
9.12010000E+00
8.70960000E+00
8.31760000E+00
7.94330000E+00
7.58580000E+00
7.24440000E+00
6.91830000E+00
6.60690000E+00
6.30960000E+00
6.02560000E+00
5.75440000E+00
5.49540000E+00
5.24810000E+00
5.01190000E+00
4.78630000E+00
4.57090000E+00
4.36520000E+00
4.16870000E+00
3.98110000E+00
3.80190000E+00
3.63080000E+00
3.46740000E+00
3.31130000E+00
3.16230000E+00
3.02000000E+00
2.88400000E+00
2.75420000E+00
2.63030000E+00
2.51190000E+00
2.39880000E+00
2.29090000E+00
2.18780000E+00
2.08930000E+00
1.99530000E+00
1.90550000E+00
1.81970000E+00
1.73780000E+00
1.65960000E+00
1.58490000E+00
1.51360000E+00
1.44540000E+00
1.38040000E+00
1.31830000E+00
1.25890000E+00
1.20230000E+00
1.14810000E+00
1.09650000E+00
1.04710000E+00
1.00000000E+00
9.54990000E-01
9.12010000E-01
8.70960000E-01
8.31760000E-01
7.94330000E-01
7.58580000E-01
7.24440000E-01
6.91830000E-01
6.60690000E-01
6.30960000E-01
6.02560000E-01
5.75440000E-01
5.49540000E-01
5.24810000E-01
5.01190000E-01
4.78630000E-01
4.57090000E-01
4.36520000E-01
4.16870000E-01
3.98110000E-01
3.80190000E-01
3.63080000E-01
3.46740000E-01
3.31130000E-01
3.16230000E-01
3.01990000E-01
2.88400000E-01
2.75420000E-01
2.63030000E-01
2.51190000E-01
2.39880000E-01
2.29090000E-01
2.18780000E-01
2.08930000E-01
1.99530000E-01
1.90550000E-01
1.81970000E-01
1.73780000E-01
1.65960000E-01
1.58490000E-01
1.51360000E-01
1.44540000E-01
1.38040000E-01
1.31830000E-01
1.25890000E-01
1.20230000E-01
1.14810000E-01
1.09650000E-01
1.04710000E-01
1.00000000E-01
9.54990000E-02
9.12010000E-02
8.70960000E-02
8.31760000E-02
7.94330000E-02
7.58580000E-02
7.24440000E-02
6.91830000E-02
6.60690000E-02
6.30960000E-02
6.02560000E-02
5.75440000E-02
5.49540000E-02
5.24810000E-02
5.01190000E-02
4.78630000E-02
4.57090000E-02
4.36520000E-02
4.16870000E-02
3.98110000E-02
3.80190000E-02
3.63080000E-02
3.46740000E-02
3.31130000E-02
3.16230000E-02
3.01990000E-02
2.88400000E-02
2.75420000E-02
2.63030000E-02
2.51190000E-02
2.39880000E-02
2.29090000E-02
2.18780000E-02
2.08930000E-02
1.99530000E-02
1.90550000E-02
1.81970000E-02
1.73780000E-02
1.65960000E-02
1.58490000E-02
1.51360000E-02
1.44540000E-02
1.38040000E-02
1.31830000E-02
1.25890000E-02
1.20230000E-02
1.14810000E-02
1.09650000E-02
1.04710000E-02
1.00000000E-02
9.54990000E-03
9.12010000E-03
8.70960000E-03
8.31760000E-03
7.94330000E-03
7.58580000E-03
7.24440000E-03
6.91830000E-03
6.60690000E-03
6.30960000E-03
6.02560000E-03
5.75440000E-03
5.49540000E-03
5.24810000E-03
5.01190000E-03
4.78630000E-03
4.57090000E-03
4.36520000E-03
4.16870000E-03
3.98110000E-03
3.80190000E-03
3.63080000E-03
3.46740000E-03
3.31130000E-03
3.16230000E-03
3.02000000E-03
2.88400000E-03
2.75420000E-03
2.63030000E-03
2.51190000E-03
2.39880000E-03
2.29090000E-03
2.18780000E-03
2.08930000E-03
1.99530000E-03
1.90550000E-03
1.81970000E-03
1.73780000E-03
1.65960000E-03
1.58490000E-03
1.51360000E-03
1.44540000E-03
1.38040000E-03
1.31830000E-03
1.25890000E-03
1.20230000E-03
1.14820000E-03
1.09650000E-03
1.04710000E-03
1.00000000E-03
9.54990000E-04
9.12010000E-04
8.70960000E-04
8.31760000E-04
7.94330000E-04
7.58580000E-04
7.24440000E-04
6.91830000E-04
6.60690000E-04
6.30960000E-04
6.02560000E-04
5.75440000E-04
5.49540000E-04
5.24810000E-04
5.01190000E-04
4.78630000E-04
4.57090000E-04
4.36520000E-04
4.16870000E-04
3.98110000E-04
3.80190000E-04
3.63080000E-04
3.46740000E-04
3.31130000E-04
3.16230000E-04
3.01990000E-04
2.88400000E-04
2.75420000E-04
2.63030000E-04
2.51190000E-04
2.39880000E-04
2.29090000E-04
2.18780000E-04
2.08930000E-04
1.99530000E-04
1.90550000E-04
1.81970000E-04
1.73780000E-04
1.65960000E-04
1.58490000E-04
1.51360000E-04
1.44540000E-04
1.38040000E-04
1.31830000E-04
1.25890000E-04
1.20230000E-04
1.14820000E-04
1.09650000E-04
1.04710000E-04
1.00000000E-04
9.54990000E-05
9.12010000E-05
8.70960000E-05
8.31760000E-05
7.94330000E-05
7.58580000E-05
7.24440000E-05
6.91830000E-05
6.60690000E-05
6.30960000E-05
6.02560000E-05
5.75440000E-05
5.49540000E-05
5.24810000E-05
5.01190000E-05
4.78630000E-05
4.57090000E-05
4.36520000E-05
4.16870000E-05
3.98110000E-05
3.80190000E-05
3.63080000E-05
3.46740000E-05
3.31130000E-05
3.16230000E-05
3.01990000E-05
2.88400000E-05
2.75420000E-05
2.63030000E-05
2.51190000E-05
2.39880000E-05
2.29090000E-05
2.18780000E-05
2.08930000E-05
1.99530000E-05
1.90550000E-05
1.81970000E-05
1.73780000E-05
1.65960000E-05
1.58490000E-05
1.51360000E-05
1.44540000E-05
1.38040000E-05
1.31830000E-05
1.25890000E-05
1.20230000E-05
1.14820000E-05
1.09650000E-05
1.04710000E-05
1.00000000E-05
 
0.00000000E+00
0.00000000E+00
0.00000000E+00
0.00000000E+00
0.00000000E+00
0.00000000E+00
3.21593000E+09
5.84883000E+12
5.61052000E+13
1.43878000E+13
1.87577000E+12
9.66572000E+11
5.60152000E+11
5.79047000E+11
7.09718000E+11
7.78461000E+11
8.11988000E+11
8.77796000E+11
8.31936000E+11
7.12379000E+11
7.02122000E+11
7.12235000E+11
7.34460000E+11
7.36122000E+11
7.33220000E+11
7.56739000E+11
7.95751000E+11
8.29185000E+11
8.67238000E+11
9.02400000E+11
9.33126000E+11
9.68495000E+11
1.00810000E+12
1.01838000E+12
1.05336000E+12
1.09770000E+12
1.10016000E+12
1.11868000E+12
1.14850000E+12
1.19073000E+12
1.23598000E+12
1.28944000E+12
1.36326000E+12
1.39355000E+12
1.50852000E+12
1.55593000E+12
1.69841000E+12
1.79707000E+12
1.79264000E+12
1.86957000E+12
1.87089000E+12
1.87351000E+12
1.98841000E+12
2.27541000E+12
2.40635000E+12
2.27431000E+12
2.31227000E+12
2.40934000E+12
2.35796000E+12
2.51007000E+12
2.46759000E+12
2.61424000E+12
2.98199000E+12
2.74121000E+12
2.50574000E+12
2.45405000E+12
2.61456000E+12
2.84835000E+12
2.71534000E+12
2.73887000E+12
2.76119000E+12
2.71348000E+12
2.80821000E+12
3.45156000E+12
2.89633000E+12
3.41549000E+12
2.99949000E+12
2.67894000E+12
2.62314000E+12
2.56478000E+12
2.47260000E+12
2.53405000E+12
2.63259000E+12
2.30862000E+12
2.04812000E+12
2.02162000E+12
2.04316000E+12
2.94312000E+12
3.05897000E+12
2.49573000E+12
1.69873000E+12
3.30902000E+12
2.29554000E+12
1.40834000E+12
2.50848000E+12
1.84622000E+12
1.78856000E+12
1.77099000E+12
1.46127000E+12
1.94190000E+12
1.43236000E+12
1.11415000E+12
1.87821000E+12
2.02446000E+12
1.52549000E+12
1.71694000E+12
1.33013000E+12
1.01724000E+12
9.89827000E+11
2.36879000E+12
1.53354000E+12
1.48609000E+12
1.38223000E+12
1.24560000E+12
1.17498000E+12
1.05630000E+12
9.16205000E+11
1.17828000E+12
1.08985000E+12
6.27658000E+11
2.04035000E+12
1.16211000E+12
8.33771000E+11
1.47310000E+12
1.14608000E+12
1.00990000E+12
9.52028000E+11
9.20896000E+11
8.82421000E+11
7.72874000E+11
7.42837000E+11
1.03392000E+12
1.04225000E+12
9.78897000E+11
8.46301000E+11
8.32903000E+11
8.14486000E+11
7.59875000E+11
7.20598000E+11
6.84922000E+11
6.27225000E+11
5.03017000E+11
3.27963000E+11
1.65504000E+11
6.81797000E+11
1.93112000E+12
1.75507000E+12
9.64377000E+11
8.03169000E+11
6.77626000E+11
7.46486000E+11
7.67494000E+11
7.18294000E+11
6.85882000E+11
7.61136000E+11
7.18110000E+11
7.24963000E+11
7.02694000E+11
6.73653000E+11
6.20245000E+11
6.97867000E+11
6.73551000E+11
6.63320000E+11
6.25561000E+11
6.01434000E+11
5.98009000E+11
5.71471000E+11
5.18885000E+11
4.83638000E+11
4.06915000E+11
3.20691000E+11
3.35184000E+11
4.66433000E+11
6.07007000E+11
6.93763000E+11
6.38103000E+11
6.18889000E+11
7.17735000E+11
6.67773000E+11
6.58228000E+11
7.46765000E+11
6.76430000E+11
6.82480000E+11
6.09268000E+11
6.05987000E+11
5.55984000E+11
5.66350000E+11
6.95881000E+11
6.94467000E+11
6.81399000E+11
6.63036000E+11
6.37555000E+11
6.33513000E+11
6.05531000E+11
5.35482000E+11
4.98976000E+11
5.39192000E+11
5.01981000E+11
5.30842000E+11
5.46429000E+11
3.92455000E+11
6.75495000E+11
6.73164000E+11
6.48696000E+11
6.27703000E+11
5.93394000E+11
5.77570000E+11
5.78321000E+11
5.61124000E+11
5.65354000E+11
5.54012000E+11
5.55974000E+11
5.06239000E+11
4.37803000E+11
4.52877000E+11
5.20299000E+11
5.11500000E+11
5.32367000E+11
5.24735000E+11
5.19835000E+11
5.03925000E+11
5.16004000E+11
5.01224000E+11
5.04832000E+11
4.93838000E+11
4.99404000E+11
4.96873000E+11
4.29413000E+11
4.84631000E+11
4.72414000E+11
4.74677000E+11
4.69228000E+11
4.76966000E+11
4.71350000E+11
4.62928000E+11
4.56046000E+11
4.43193000E+11
4.11413000E+11
3.28196000E+11
2.22087000E+11
3.51027000E+11
4.80156000E+11
5.11138000E+11
5.03103000E+11
4.95656000E+11
4.82475000E+11
4.61074000E+11
4.49315000E+11
4.34322000E+11
4.49531000E+11
4.37734000E+11
4.31449000E+11
3.93065000E+11
4.35922000E+11
4.21164000E+11
4.18257000E+11
4.10164000E+11
4.10369000E+11
4.10066000E+11
4.06143000E+11
4.03984000E+11
4.02563000E+11
3.92099000E+11
3.83454000E+11
3.87297000E+11
3.78086000E+11
3.81882000E+11
3.80419000E+11
3.79853000E+11
3.78335000E+11
3.76386000E+11
3.74144000E+11
3.72008000E+11
3.69401000E+11
3.67860000E+11
3.62084000E+11
3.60146000E+11
3.56892000E+11
3.55391000E+11
3.52488000E+11
3.48268000E+11
3.38505000E+11
2.99534000E+11
3.28088000E+11
3.16182000E+11
3.13997000E+11
3.06996000E+11
3.06311000E+11
3.00565000E+11
3.01805000E+11
3.00481000E+11
2.98231000E+11
2.95488000E+11
2.89902000E+11
2.56848000E+11
2.63148000E+11
2.63988000E+11
2.59832000E+11
2.56306000E+11
1.95785000E+11
2.10815000E+11
1.53554000E+11
1.03863000E+11
1.77262000E+11
1.87346000E+11
1.93041000E+11
1.96652000E+11
1.99220000E+11
1.99320000E+11
1.98804000E+11
1.99427000E+11
1.97819000E+11
1.96749000E+11
1.94534000E+11
1.91483000E+11
1.84724000E+11
1.90017000E+11
1.78658000E+11
1.78957000E+11
1.76731000E+11
1.73527000E+11
1.60097000E+11
1.56586000E+11
1.55963000E+11
1.54892000E+11
1.53095000E+11
1.51789000E+11
1.49460000E+11
1.47029000E+11
1.43977000E+11
1.40713000E+11
1.37368000E+11
1.34006000E+11
1.26734000E+11
8.55806000E+10
7.30152000E+10
8.50038000E+10
9.00663000E+10
9.29012000E+10
9.41240000E+10
9.48480000E+10
9.47086000E+10
9.41857000E+10
9.32731000E+10
9.20550000E+10
9.07430000E+10
8.95117000E+10
8.73816000E+10
8.58386000E+10
8.41778000E+10
8.21548000E+10
8.00799000E+10
7.81335000E+10
7.62454000E+10
7.38679000E+10
7.15214000E+10
6.98681000E+10
6.76737000E+10
6.56505000E+10
6.39861000E+10
6.18229000E+10
6.02963000E+10
5.86415000E+10
5.66151000E+10
5.50077000E+10
5.35508000E+10
5.19024000E+10
4.99050000E+10
4.84799000E+10
4.68946000E+10
4.50714000E+10
4.37852000E+10
4.23134000E+10
4.09790000E+10
3.93980000E+10
3.80480000E+10
3.68497000E+10
3.57796000E+10
3.46367000E+10
3.34154000E+10
3.19042000E+10
3.06470000E+10
2.98328000E+10
2.88444000E+10
2.75996000E+10
2.66111000E+10
2.58566000E+10
2.48331000E+10
2.38819000E+10
2.29741000E+10
2.20445000E+10
2.11484000E+10
2.05973000E+10
1.98867000E+10
1.89605000E+10
1.82512000E+10
1.75859000E+10
1.67480000E+10
1.62647000E+10
1.55577000E+10
1.49915000E+10
1.44557000E+10
1.38398000E+10
1.31378000E+10
1.28965000E+10
1.20980000E+10
1.17772000E+10
1.13951000E+10
1.08159000E+10
1.05184000E+10
9.94209000E+09
9.69814000E+09
9.21045000E+09
8.83226000E+09
8.40788000E+09
8.03035000E+09
7.63903000E+09
7.38508000E+09
7.09966000E+09
6.67568000E+09
6.48248000E+09
6.16795000E+09
5.81637000E+09
5.58226000E+09
5.35242000E+09
5.01307000E+09
4.70156000E+09
4.60308000E+09
4.33246000E+09
4.11565000E+09
3.92907000E+09
3.68175000E+09
3.40972000E+09
3.28572000E+09
3.04632000E+09
2.92678000E+09
2.74324000E+09
2.58263000E+09
2.40479000E+09
2.24351000E+09
2.13261000E+09
1.96321000E+09
1.84623000E+09
1.74503000E+09
1.59760000E+09
1.52731000E+09
1.38270000E+09
1.31745000E+09
1.20602000E+09
1.15441000E+09
1.06196000E+09
9.87447000E+08
9.03683000E+08
8.33127000E+08
0.00000000E+00
0.00000000E+00
0.00000000E+00
0.00000000E+00
0.00000000E+00
0.00000000E+00
0.00000000E+00
0.00000000E+00
0.00000000E+00
0.00000000E+00
0.00000000E+00
0.00000000E+00
0.00000000E+00
0.00000000E+00
0.00000000E+00
0.00000000E+00
0.00000000E+00
0.00000000E+00
0.00000000E+00
0.00000000E+00
0.00000000E+00
0.00000000E+00
0.00000000E+00
0.00000000E+00
0.00000000E+00
0.00000000E+00
0.00000000E+00
0.00000000E+00
0.00000000E+00
0.00000000E+00
0.00000000E+00
0.00000000E+00
0.00000000E+00
0.00000000E+00
0.00000000E+00
0.00000000E+00
0.00000000E+00
0.00000000E+00
0.00000000E+00
0.00000000E+00
0.00000000E+00
0.00000000E+00
0.00000000E+00
0.00000000E+00
0.00000000E+00
0.00000000E+00
0.00000000E+00
0.00000000E+00
0.00000000E+00
0.00000000E+00
0.00000000E+00
0.00000000E+00
0.00000000E+00
0.00000000E+00
0.00000000E+00
0.00000000E+00
0.00000000E+00
0.00000000E+00
0.00000000E+00
0.00000000E+00
0.00000000E+00
0.00000000E+00
0.00000000E+00
0.00000000E+00
0.00000000E+00
0.00000000E+00
0.00000000E+00
0.00000000E+00
0.00000000E+00
0.00000000E+00
0.00000000E+00
0.00000000E+00
0.00000000E+00
0.00000000E+00
0.00000000E+00
0.00000000E+00
0.00000000E+00
0.00000000E+00
0.00000000E+00
0.00000000E+00
0.00000000E+00
0.00000000E+00
0.00000000E+00
0.00000000E+00
0.00000000E+00
0.00000000E+00
0.00000000E+00
0.00000000E+00
0.00000000E+00
0.00000000E+00
0.00000000E+00
0.00000000E+00
0.00000000E+00
0.00000000E+00
0.00000000E+00
0.00000000E+00
0.00000000E+00
0.00000000E+00
0.00000000E+00
0.00000000E+00
0.00000000E+00
0.00000000E+00
0.00000000E+00
0.00000000E+00
0.00000000E+00
0.00000000E+00
0.00000000E+00
0.00000000E+00
0.00000000E+00
0.00000000E+00
0.00000000E+00
0.00000000E+00
0.00000000E+00
0.00000000E+00
0.00000000E+00
0.00000000E+00
0.00000000E+00
0.00000000E+00
0.00000000E+00
0.00000000E+00
0.00000000E+00
0.00000000E+00
0.00000000E+00
0.00000000E+00
0.00000000E+00
0.00000000E+00
0.00000000E+00
0.00000000E+00
0.00000000E+00
0.00000000E+00
0.00000000E+00
0.00000000E+00
0.00000000E+00
0.00000000E+00
0.00000000E+00
0.00000000E+00
0.00000000E+00
0.00000000E+00
0.00000000E+00
0.00000000E+00
0.00000000E+00
0.00000000E+00
0.00000000E+00
0.00000000E+00
0.00000000E+00
0.00000000E+00
0.00000000E+00
0.00000000E+00
0.00000000E+00
0.00000000E+00
0.00000000E+00
0.00000000E+00
0.00000000E+00
0.00000000E+00
0.00000000E+00
0.00000000E+00
0.00000000E+00
0.00000000E+00
0.00000000E+00
0.00000000E+00
0.00000000E+00
0.00000000E+00
1.0
wccb_ht.spectrum617
